256
3
0.000000 0.000000 1.000000
0.000000 0.236565 0.971616
-0.204871 -0.118283 0.971616
3
-0.398113 -0.229851 0.888074
-0.204871 -0.118283 0.971616
-0.216994 0.125281 0.968100
3
0.000000 0.459700 0.888074
-0.216994 0.125281 0.968100
0.000000 0.236565 0.971616
3
0.000000 0.236565 0.971616
-0.216994 0.125281 0.968100
-0.204871 -0.118283 0.971616
3
-0.707107 -0.408248 0.577350
-0.568753 -0.328370 0.754117
-0.653281 -0.064713 0.754345
3
-0.500000 0.288674 0.816497
-0.653281 -0.064713 0.754345
-0.465923 0.030516 0.884299
3
-0.398113 -0.229851 0.888074
-0.465923 0.030516 0.884299
-0.568753 -0.328370 0.754117
3
-0.568753 -0.328370 0.754117
-0.465923 0.030516 0.884299
-0.653281 -0.064713 0.754345
3
0.000000 0.816495 0.577352
-0.270598 0.598113 0.754346
0.000000 0.656739 0.754118
3
0.000000 0.459700 0.888074
0.000000 0.656739 0.754118
-0.259390 0.388242 0.884299
3
-0.500000 0.288674 0.816497
-0.259390 0.388242 0.884299
-0.270598 0.598113 0.754346
3
-0.270598 0.598113 0.754346
-0.259390 0.388242 0.884299
0.000000 0.656739 0.754118
3
0.000000 0.459700 0.888074
-0.259390 0.388242 0.884299
-0.216994 0.125281 0.968100
3
-0.398113 -0.229851 0.888074
-0.216994 0.125281 0.968100
-0.465923 0.030516 0.884299
3
-0.500000 0.288674 0.816497
-0.465923 0.030516 0.884299
-0.259390 0.388242 0.884299
3
-0.259390 0.388242 0.884299
-0.465923 0.030516 0.884299
-0.216994 0.125281 0.968100
3
-0.816497 -0.471405 -0.333333
-0.861611 -0.497452 -0.100836
-0.861612 -0.260887 -0.435389
3
-0.857814 -0.035558 -0.512728
-0.861612 -0.260887 -0.435389
-0.935113 -0.289325 -0.204583
3
-0.857813 -0.495259 0.137386
-0.935113 -0.289325 -0.204583
-0.861611 -0.497452 -0.100836
3
-0.861611 -0.497452 -0.100836
-0.935113 -0.289325 -0.204583
-0.861612 -0.260887 -0.435389
3
-0.707108 0.408249 -0.577348
-0.805320 0.191789 -0.560961
-0.923880 0.220942 -0.312458
3
-1.000000 0.000000 0.000001
-0.923880 0.220942 -0.312458
-0.963798 -0.018447 -0.265993
3
-0.857814 -0.035558 -0.512728
-0.963798 -0.018447 -0.265993
-0.805320 0.191789 -0.560961
3
-0.805320 0.191789 -0.560961
-0.963798 -0.018447 -0.265993
-0.923880 0.220942 -0.312458
3
-0.707107 -0.408248 0.577350
-0.923879 -0.220942 0.312460
-0.805319 -0.464951 0.367808
3
-0.857813 -0.495259 0.137386
-0.805319 -0.464951 0.367808
-0.963798 -0.256931 0.071274
3
-1.000000 0.000000 0.000001
-0.963798 -0.256931 0.071274
-0.923879 -0.220942 0.312460
3
-0.923879 -0.220942 0.312460
-0.963798 -0.256931 0.071274
-0.805319 -0.464951 0.367808
3
-0.857813 -0.495259 0.137386
-0.963798 -0.256931 0.071274
-0.935113 -0.289325 -0.204583
3
-0.857814 -0.035558 -0.512728
-0.935113 -0.289325 -0.204583
-0.963798 -0.018447 -0.265993
3
-1.000000 0.000000 0.000001
-0.963798 -0.018447 -0.265993
-0.963798 -0.256931 0.071274
3
-0.963798 -0.256931 0.071274
-0.963798 -0.018447 -0.265993
-0.935113 -0.289325 -0.204583
3
0.000000 0.942809 -0.333330
-0.204872 0.876622 -0.435387
0.000000 0.994903 -0.100833
3
0.000000 0.990517 0.137389
0.000000 0.994903 -0.100833
-0.216995 0.954495 -0.204581
3
-0.398114 0.760668 -0.512727
-0.216995 0.954495 -0.204581
-0.204872 0.876622 -0.435387
3
-0.204872 0.876622 -0.435387
-0.216995 0.954495 -0.204581
0.000000 0.994903 -0.100833
3
0.000000 0.816495 0.577352
0.000000 0.929901 0.367810
-0.270599 0.910573 0.312462
3
-0.500001 0.866025 0.000003
-0.270599 0.910573 0.312462
-0.259391 0.963139 0.071276
3
0.000000 0.990517 0.137389
-0.259391 0.963139 0.071276
0.000000 0.929901 0.367810
3
0.000000 0.929901 0.367810
-0.259391 0.963139 0.071276
-0.270599 0.910573 0.312462
3
-0.707108 0.408249 -0.577348
-0.653283 0.689632 -0.312457
-0.568755 0.601533 -0.560960
3
-0.398114 0.760668 -0.512727
-0.568755 0.601533 -0.560960
-0.465925 0.843897 -0.265992
3
-0.500001 0.866025 0.000003
-0.465925 0.843897 -0.265992
-0.653283 0.689632 -0.312457
3
-0.653283 0.689632 -0.312457
-0.465925 0.843897 -0.265992
-0.568755 0.601533 -0.560960
3
-0.398114 0.760668 -0.512727
-0.465925 0.843897 -0.265992
-0.216995 0.954495 -0.204581
3
0.000000 0.990517 0.137389
-0.216995 0.954495 -0.204581
-0.259391 0.963139 0.071276
3
-0.500001 0.866025 0.000003
-0.259391 0.963139 0.071276
-0.465925 0.843897 -0.265992
3
-0.465925 0.843897 -0.265992
-0.259391 0.963139 0.071276
-0.216995 0.954495 -0.204581
3
0.000000 0.816495 0.577352
-0.270599 0.910573 0.312462
-0.270598 0.598113 0.754346
3
-0.500000 0.288674 0.816497
-0.270598 0.598113 0.754346
-0.577350 0.666665 0.471406
3
-0.500001 0.866025 0.000003
-0.577350 0.666665 0.471406
-0.270599 0.910573 0.312462
3
-0.270599 0.910573 0.312462
-0.577350 0.666665 0.471406
-0.270598 0.598113 0.754346
3
-0.707107 -0.408248 0.577350
-0.653281 -0.064713 0.754345
-0.923879 -0.220942 0.312460
3
-1.000000 0.000000 0.000001
-0.923879 -0.220942 0.312460
-0.866025 0.166666 0.471406
3
-0.500000 0.288674 0.816497
-0.866025 0.166666 0.471406
-0.653281 -0.064713 0.754345
3
-0.653281 -0.064713 0.754345
-0.866025 0.166666 0.471406
-0.923879 -0.220942 0.312460
3
-0.707108 0.408249 -0.577348
-0.923880 0.220942 -0.312458
-0.653283 0.689632 -0.312457
3
-0.500001 0.866025 0.000003
-0.653283 0.689632 -0.312457
-0.866026 0.499999 0.000003
3
-1.000000 0.000000 0.000001
-0.866026 0.499999 0.000003
-0.923880 0.220942 -0.312458
3
-0.923880 0.220942 -0.312458
-0.866026 0.499999 0.000003
-0.653283 0.689632 -0.312457
3
-0.500001 0.866025 0.000003
-0.866026 0.499999 0.000003
-0.577350 0.666665 0.471406
3
-0.500000 0.288674 0.816497
-0.577350 0.666665 0.471406
-0.866025 0.166666 0.471406
3
-1.000000 0.000000 0.000001
-0.866025 0.166666 0.471406
-0.866026 0.499999 0.000003
3
-0.866026 0.499999 0.000003
-0.866025 0.166666 0.471406
-0.577350 0.666665 0.471406
3
0.816497 -0.471405 -0.333333
0.656740 -0.615734 -0.435389
0.861612 -0.260887 -0.435389
3
0.857814 -0.035558 -0.512728
0.861612 -0.260887 -0.435389
0.718120 -0.414607 -0.558932
3
0.459701 -0.725110 -0.512729
0.718120 -0.414607 -0.558932
0.656740 -0.615734 -0.435389
3
0.656740 -0.615734 -0.435389
0.718120 -0.414607 -0.558932
0.861612 -0.260887 -0.435389
3
0.707108 0.408249 -0.577348
0.805320 0.191789 -0.560961
0.653283 0.064712 -0.754343
3
0.500002 -0.288676 -0.816495
0.653283 0.064712 -0.754343
0.704409 -0.168206 -0.689576
3
0.857814 -0.035558 -0.512728
0.704409 -0.168206 -0.689576
0.805320 0.191789 -0.560961
3
0.805320 0.191789 -0.560961
0.704409 -0.168206 -0.689576
0.653283 0.064712 -0.754343
3
0.000000 -0.816497 -0.577349
0.270599 -0.598115 -0.754344
0.236565 -0.793321 -0.560962
3
0.459701 -0.725110 -0.512729
0.236565 -0.793321 -0.560962
0.497875 -0.525932 -0.689576
3
0.500002 -0.288676 -0.816495
0.497875 -0.525932 -0.689576
0.270599 -0.598115 -0.754344
3
0.270599 -0.598115 -0.754344
0.497875 -0.525932 -0.689576
0.236565 -0.793321 -0.560962
3
0.459701 -0.725110 -0.512729
0.497875 -0.525932 -0.689576
0.718120 -0.414607 -0.558932
3
0.857814 -0.035558 -0.512728
0.718120 -0.414607 -0.558932
0.704409 -0.168206 -0.689576
3
0.500002 -0.288676 -0.816495
0.704409 -0.168206 -0.689576
0.497875 -0.525932 -0.689576
3
0.497875 -0.525932 -0.689576
0.704409 -0.168206 -0.689576
0.718120 -0.414607 -0.558932
3
0.000000 0.942809 -0.333330
0.204872 0.876622 -0.435387
-0.204872 0.876622 -0.435387
3
-0.398114 0.760668 -0.512727
-0.204872 0.876622 -0.435387
0.000000 0.829214 -0.558931
3
0.398114 0.760668 -0.512727
0.000000 0.829214 -0.558931
0.204872 0.876622 -0.435387
3
0.204872 0.876622 -0.435387
0.000000 0.829214 -0.558931
-0.204872 0.876622 -0.435387
3
-0.707108 0.408249 -0.577348
-0.568755 0.601533 -0.560960
-0.382684 0.533403 -0.754343
3
0.000000 0.577352 -0.816495
-0.382684 0.533403 -0.754343
-0.206534 0.694139 -0.689575
3
-0.398114 0.760668 -0.512727
-0.206534 0.694139 -0.689575
-0.568755 0.601533 -0.560960
3
-0.568755 0.601533 -0.560960
-0.206534 0.694139 -0.689575
-0.382684 0.533403 -0.754343
3
0.707108 0.408249 -0.577348
0.382684 0.533403 -0.754343
0.568755 0.601533 -0.560960
3
0.398114 0.760668 -0.512727
0.568755 0.601533 -0.560960
0.206534 0.694139 -0.689575
3
0.000000 0.577352 -0.816495
0.206534 0.694139 -0.689575
0.382684 0.533403 -0.754343
3
0.382684 0.533403 -0.754343
0.206534 0.694139 -0.689575
0.568755 0.601533 -0.560960
3
0.398114 0.760668 -0.512727
0.206534 0.694139 -0.689575
0.000000 0.829214 -0.558931
3
-0.398114 0.760668 -0.512727
0.000000 0.829214 -0.558931
-0.206534 0.694139 -0.689575
3
0.000000 0.577352 -0.816495
-0.206534 0.694139 -0.689575
0.206534 0.694139 -0.689575
3
0.206534 0.694139 -0.689575
-0.206534 0.694139 -0.689575
0.000000 0.829214 -0.558931
3
-0.816497 -0.471405 -0.333333
-0.861612 -0.260887 -0.435389
-0.656740 -0.615734 -0.435389
3
-0.459701 -0.725110 -0.512729
-0.656740 -0.615734 -0.435389
-0.718120 -0.414607 -0.558932
3
-0.857814 -0.035558 -0.512728
-0.718120 -0.414607 -0.558932
-0.861612 -0.260887 -0.435389
3
-0.861612 -0.260887 -0.435389
-0.718120 -0.414607 -0.558932
-0.656740 -0.615734 -0.435389
3
0.000000 -0.816497 -0.577349
-0.236565 -0.793321 -0.560962
-0.270599 -0.598115 -0.754344
3
-0.500002 -0.288676 -0.816495
-0.270599 -0.598115 -0.754344
-0.497875 -0.525932 -0.689576
3
-0.459701 -0.725110 -0.512729
-0.497875 -0.525932 -0.689576
-0.236565 -0.793321 -0.560962
3
-0.236565 -0.793321 -0.560962
-0.497875 -0.525932 -0.689576
-0.270599 -0.598115 -0.754344
3
-0.707108 0.408249 -0.577348
-0.653283 0.064712 -0.754343
-0.805320 0.191789 -0.560961
3
-0.857814 -0.035558 -0.512728
-0.805320 0.191789 -0.560961
-0.704409 -0.168206 -0.689576
3
-0.500002 -0.288676 -0.816495
-0.704409 -0.168206 -0.689576
-0.653283 0.064712 -0.754343
3
-0.653283 0.064712 -0.754343
-0.704409 -0.168206 -0.689576
-0.805320 0.191789 -0.560961
3
-0.857814 -0.035558 -0.512728
-0.704409 -0.168206 -0.689576
-0.718120 -0.414607 -0.558932
3
-0.459701 -0.725110 -0.512729
-0.718120 -0.414607 -0.558932
-0.497875 -0.525932 -0.689576
3
-0.500002 -0.288676 -0.816495
-0.497875 -0.525932 -0.689576
-0.704409 -0.168206 -0.689576
3
-0.704409 -0.168206 -0.689576
-0.497875 -0.525932 -0.689576
-0.718120 -0.414607 -0.558932
3
0.000000 -0.816497 -0.577349
-0.270599 -0.598115 -0.754344
0.270599 -0.598115 -0.754344
3
0.500002 -0.288676 -0.816495
0.270599 -0.598115 -0.754344
0.000000 -0.333334 -0.942809
3
-0.500002 -0.288676 -0.816495
0.000000 -0.333334 -0.942809
-0.270599 -0.598115 -0.754344
3
-0.270599 -0.598115 -0.754344
0.000000 -0.333334 -0.942809
0.270599 -0.598115 -0.754344
3
0.707108 0.408249 -0.577348
0.653283 0.064712 -0.754343
0.382684 0.533403 -0.754343
3
0.000000 0.577352 -0.816495
0.382684 0.533403 -0.754343
0.288676 0.166667 -0.942809
3
0.500002 -0.288676 -0.816495
0.288676 0.166667 -0.942809
0.653283 0.064712 -0.754343
3
0.653283 0.064712 -0.754343
0.288676 0.166667 -0.942809
0.382684 0.533403 -0.754343
3
-0.707108 0.408249 -0.577348
-0.382684 0.533403 -0.754343
-0.653283 0.064712 -0.754343
3
-0.500002 -0.288676 -0.816495
-0.653283 0.064712 -0.754343
-0.288676 0.166667 -0.942809
3
0.000000 0.577352 -0.816495
-0.288676 0.166667 -0.942809
-0.382684 0.533403 -0.754343
3
-0.382684 0.533403 -0.754343
-0.288676 0.166667 -0.942809
-0.653283 0.064712 -0.754343
3
-0.500002 -0.288676 -0.816495
-0.288676 0.166667 -0.942809
0.000000 -0.333334 -0.942809
3
0.500002 -0.288676 -0.816495
0.000000 -0.333334 -0.942809
0.288676 0.166667 -0.942809
3
0.000000 0.577352 -0.816495
0.288676 0.166667 -0.942809
-0.288676 0.166667 -0.942809
3
-0.288676 0.166667 -0.942809
0.288676 0.166667 -0.942809
0.000000 -0.333334 -0.942809
3
0.000000 0.000000 1.000000
0.204871 -0.118283 0.971616
0.000000 0.236565 0.971616
3
0.000000 0.459700 0.888074
0.000000 0.236565 0.971616
0.216994 0.125281 0.968100
3
0.398113 -0.229851 0.888074
0.216994 0.125281 0.968100
0.204871 -0.118283 0.971616
3
0.204871 -0.118283 0.971616
0.216994 0.125281 0.968100
0.000000 0.236565 0.971616
3
0.000000 0.816495 0.577352
0.000000 0.656739 0.754118
0.270598 0.598113 0.754346
3
0.500000 0.288674 0.816497
0.270598 0.598113 0.754346
0.259390 0.388242 0.884299
3
0.000000 0.459700 0.888074
0.259390 0.388242 0.884299
0.000000 0.656739 0.754118
3
0.000000 0.656739 0.754118
0.259390 0.388242 0.884299
0.270598 0.598113 0.754346
3
0.707107 -0.408248 0.577350
0.653281 -0.064713 0.754345
0.568753 -0.328370 0.754117
3
0.398113 -0.229851 0.888074
0.568753 -0.328370 0.754117
0.465923 0.030516 0.884299
3
0.500000 0.288674 0.816497
0.465923 0.030516 0.884299
0.653281 -0.064713 0.754345
3
0.653281 -0.064713 0.754345
0.465923 0.030516 0.884299
0.568753 -0.328370 0.754117
3
0.398113 -0.229851 0.888074
0.465923 0.030516 0.884299
0.216994 0.125281 0.968100
3
0.000000 0.459700 0.888074
0.216994 0.125281 0.968100
0.259390 0.388242 0.884299
3
0.500000 0.288674 0.816497
0.259390 0.388242 0.884299
0.465923 0.030516 0.884299
3
0.465923 0.030516 0.884299
0.259390 0.388242 0.884299
0.216994 0.125281 0.968100
3
0.000000 0.942809 -0.333330
0.000000 0.994903 -0.100833
0.204872 0.876622 -0.435387
3
0.398114 0.760668 -0.512727
0.204872 0.876622 -0.435387
0.216995 0.954495 -0.204581
3
0.000000 0.990517 0.137389
0.216995 0.954495 -0.204581
0.000000 0.994903 -0.100833
3
0.000000 0.994903 -0.100833
0.216995 0.954495 -0.204581
0.204872 0.876622 -0.435387
3
0.707108 0.408249 -0.577348
0.568755 0.601533 -0.560960
0.653283 0.689632 -0.312457
3
0.500001 0.866025 0.000003
0.653283 0.689632 -0.312457
0.465925 0.843897 -0.265992
3
0.398114 0.760668 -0.512727
0.465925 0.843897 -0.265992
0.568755 0.601533 -0.560960
3
0.568755 0.601533 -0.560960
0.465925 0.843897 -0.265992
0.653283 0.689632 -0.312457
3
0.000000 0.816495 0.577352
0.270599 0.910573 0.312462
0.000000 0.929901 0.367810
3
0.000000 0.990517 0.137389
0.000000 0.929901 0.367810
0.259391 0.963139 0.071276
3
0.500001 0.866025 0.000003
0.259391 0.963139 0.071276
0.270599 0.910573 0.312462
3
0.270599 0.910573 0.312462
0.259391 0.963139 0.071276
0.000000 0.929901 0.367810
3
0.000000 0.990517 0.137389
0.259391 0.963139 0.071276
0.216995 0.954495 -0.204581
3
0.398114 0.760668 -0.512727
0.216995 0.954495 -0.204581
0.465925 0.843897 -0.265992
3
0.500001 0.866025 0.000003
0.465925 0.843897 -0.265992
0.259391 0.963139 0.071276
3
0.259391 0.963139 0.071276
0.465925 0.843897 -0.265992
0.216995 0.954495 -0.204581
3
0.816497 -0.471405 -0.333333
0.861612 -0.260887 -0.435389
0.861611 -0.497452 -0.100836
3
0.857813 -0.495259 0.137386
0.861611 -0.497452 -0.100836
0.935113 -0.289325 -0.204583
3
0.857814 -0.035558 -0.512728
0.935113 -0.289325 -0.204583
0.861612 -0.260887 -0.435389
3
0.861612 -0.260887 -0.435389
0.935113 -0.289325 -0.204583
0.861611 -0.497452 -0.100836
3
0.707107 -0.408248 0.577350
0.805319 -0.464951 0.367808
0.923879 -0.220942 0.312460
3
1.000000 0.000000 0.000001
0.923879 -0.220942 0.312460
0.963798 -0.256931 0.071274
3
0.857813 -0.495259 0.137386
0.963798 -0.256931 0.071274
0.805319 -0.464951 0.367808
3
0.805319 -0.464951 0.367808
0.963798 -0.256931 0.071274
0.923879 -0.220942 0.312460
3
0.707108 0.408249 -0.577348
0.923880 0.220942 -0.312458
0.805320 0.191789 -0.560961
3
0.857814 -0.035558 -0.512728
0.805320 0.191789 -0.560961
0.963798 -0.018447 -0.265993
3
1.000000 0.000000 0.000001
0.963798 -0.018447 -0.265993
0.923880 0.220942 -0.312458
3
0.923880 0.220942 -0.312458
0.963798 -0.018447 -0.265993
0.805320 0.191789 -0.560961
3
0.857814 -0.035558 -0.512728
0.963798 -0.018447 -0.265993
0.935113 -0.289325 -0.204583
3
0.857813 -0.495259 0.137386
0.935113 -0.289325 -0.204583
0.963798 -0.256931 0.071274
3
1.000000 0.000000 0.000001
0.963798 -0.256931 0.071274
0.963798 -0.018447 -0.265993
3
0.963798 -0.018447 -0.265993
0.963798 -0.256931 0.071274
0.935113 -0.289325 -0.204583
3
0.707107 -0.408248 0.577350
0.923879 -0.220942 0.312460
0.653281 -0.064713 0.754345
3
0.500000 0.288674 0.816497
0.653281 -0.064713 0.754345
0.866025 0.166666 0.471406
3
1.000000 0.000000 0.000001
0.866025 0.166666 0.471406
0.923879 -0.220942 0.312460
3
0.923879 -0.220942 0.312460
0.866025 0.166666 0.471406
0.653281 -0.064713 0.754345
3
0.000000 0.816495 0.577352
0.270598 0.598113 0.754346
0.270599 0.910573 0.312462
3
0.500001 0.866025 0.000003
0.270599 0.910573 0.312462
0.577350 0.666665 0.471406
3
0.500000 0.288674 0.816497
0.577350 0.666665 0.471406
0.270598 0.598113 0.754346
3
0.270598 0.598113 0.754346
0.577350 0.666665 0.471406
0.270599 0.910573 0.312462
3
0.707108 0.408249 -0.577348
0.653283 0.689632 -0.312457
0.923880 0.220942 -0.312458
3
1.000000 0.000000 0.000001
0.923880 0.220942 -0.312458
0.866026 0.499999 0.000003
3
0.500001 0.866025 0.000003
0.866026 0.499999 0.000003
0.653283 0.689632 -0.312457
3
0.653283 0.689632 -0.312457
0.866026 0.499999 0.000003
0.923880 0.220942 -0.312458
3
1.000000 0.000000 0.000001
0.866026 0.499999 0.000003
0.866025 0.166666 0.471406
3
0.500000 0.288674 0.816497
0.866025 0.166666 0.471406
0.577350 0.666665 0.471406
3
0.500001 0.866025 0.000003
0.577350 0.666665 0.471406
0.866026 0.499999 0.000003
3
0.866026 0.499999 0.000003
0.577350 0.666665 0.471406
0.866025 0.166666 0.471406
3
0.000000 0.000000 1.000000
-0.204871 -0.118283 0.971616
0.204871 -0.118283 0.971616
3
0.398113 -0.229851 0.888074
0.204871 -0.118283 0.971616
0.000000 -0.250563 0.968100
3
-0.398113 -0.229851 0.888074
0.000000 -0.250563 0.968100
-0.204871 -0.118283 0.971616
3
-0.204871 -0.118283 0.971616
0.000000 -0.250563 0.968100
0.204871 -0.118283 0.971616
3
0.707107 -0.408248 0.577350
0.568753 -0.328370 0.754117
0.382683 -0.533402 0.754344
3
0.000000 -0.577350 0.816496
0.382683 -0.533402 0.754344
0.206533 -0.418760 0.884299
3
0.398113 -0.229851 0.888074
0.206533 -0.418760 0.884299
0.568753 -0.328370 0.754117
3
0.568753 -0.328370 0.754117
0.206533 -0.418760 0.884299
0.382683 -0.533402 0.754344
3
-0.707107 -0.408248 0.577350
-0.382683 -0.533402 0.754344
-0.568753 -0.328370 0.754117
3
-0.398113 -0.229851 0.888074
-0.568753 -0.328370 0.754117
-0.206533 -0.418760 0.884299
3
0.000000 -0.577350 0.816496
-0.206533 -0.418760 0.884299
-0.382683 -0.533402 0.754344
3
-0.382683 -0.533402 0.754344
-0.206533 -0.418760 0.884299
-0.568753 -0.328370 0.754117
3
-0.398113 -0.229851 0.888074
-0.206533 -0.418760 0.884299
0.000000 -0.250563 0.968100
3
0.398113 -0.229851 0.888074
0.000000 -0.250563 0.968100
0.206533 -0.418760 0.884299
3
0.000000 -0.577350 0.816496
0.206533 -0.418760 0.884299
-0.206533 -0.418760 0.884299
3
-0.206533 -0.418760 0.884299
0.206533 -0.418760 0.884299
0.000000 -0.250563 0.968100
3
0.816497 -0.471405 -0.333333
0.861611 -0.497452 -0.100836
0.656740 -0.615734 -0.435389
3
0.459701 -0.725110 -0.512729
0.656740 -0.615734 -0.435389
0.718119 -0.665169 -0.204583
3
0.857813 -0.495259 0.137386
0.718119 -0.665169 -0.204583
0.861611 -0.497452 -0.100836
3
0.861611 -0.497452 -0.100836
0.718119 -0.665169 -0.204583
0.656740 -0.615734 -0.435389
3
0.000000 -0.816497 -0.577349
0.236565 -0.793321 -0.560962
0.270598 -0.910575 -0.312459
3
0.500000 -0.866026 0.000001
0.270598 -0.910575 -0.312459
0.497874 -0.825450 -0.265994
3
0.459701 -0.725110 -0.512729
0.497874 -0.825450 -0.265994
0.236565 -0.793321 -0.560962
3
0.236565 -0.793321 -0.560962
0.497874 -0.825450 -0.265994
0.270598 -0.910575 -0.312459
3
0.707107 -0.408248 0.577350
0.653281 -0.689632 0.312460
0.805319 -0.464951 0.367808
3
0.857813 -0.495259 0.137386
0.805319 -0.464951 0.367808
0.704407 -0.706208 0.071273
3
0.500000 -0.866026 0.000001
0.704407 -0.706208 0.071273
0.653281 -0.689632 0.312460
3
0.653281 -0.689632 0.312460
0.704407 -0.706208 0.071273
0.805319 -0.464951 0.367808
3
0.857813 -0.495259 0.137386
0.704407 -0.706208 0.071273
0.718119 -0.665169 -0.204583
3
0.459701 -0.725110 -0.512729
0.718119 -0.665169 -0.204583
0.497874 -0.825450 -0.265994
3
0.500000 -0.866026 0.000001
0.497874 -0.825450 -0.265994
0.704407 -0.706208 0.071273
3
0.704407 -0.706208 0.071273
0.497874 -0.825450 -0.265994
0.718119 -0.665169 -0.204583
3
-0.816497 -0.471405 -0.333333
-0.656740 -0.615734 -0.435389
-0.861611 -0.497452 -0.100836
3
-0.857813 -0.495259 0.137386
-0.861611 -0.497452 -0.100836
-0.718119 -0.665169 -0.204583
3
-0.459701 -0.725110 -0.512729
-0.718119 -0.665169 -0.204583
-0.656740 -0.615734 -0.435389
3
-0.656740 -0.615734 -0.435389
-0.718119 -0.665169 -0.204583
-0.861611 -0.497452 -0.100836
3
-0.707107 -0.408248 0.577350
-0.805319 -0.464951 0.367808
-0.653281 -0.689632 0.312460
3
-0.500000 -0.866026 0.000001
-0.653281 -0.689632 0.312460
-0.704407 -0.706208 0.071273
3
-0.857813 -0.495259 0.137386
-0.704407 -0.706208 0.071273
-0.805319 -0.464951 0.367808
3
-0.805319 -0.464951 0.367808
-0.704407 -0.706208 0.071273
-0.653281 -0.689632 0.312460
3
0.000000 -0.816497 -0.577349
-0.270598 -0.910575 -0.312459
-0.236565 -0.793321 -0.560962
3
-0.459701 -0.725110 -0.512729
-0.236565 -0.793321 -0.560962
-0.497874 -0.825450 -0.265994
3
-0.500000 -0.866026 0.000001
-0.497874 -0.825450 -0.265994
-0.270598 -0.910575 -0.312459
3
-0.270598 -0.910575 -0.312459
-0.497874 -0.825450 -0.265994
-0.236565 -0.793321 -0.560962
3
-0.459701 -0.725110 -0.512729
-0.497874 -0.825450 -0.265994
-0.718119 -0.665169 -0.204583
3
-0.857813 -0.495259 0.137386
-0.718119 -0.665169 -0.204583
-0.704407 -0.706208 0.071273
3
-0.500000 -0.866026 0.000001
-0.704407 -0.706208 0.071273
-0.497874 -0.825450 -0.265994
3
-0.497874 -0.825450 -0.265994
-0.704407 -0.706208 0.071273
-0.718119 -0.665169 -0.204583
3
-0.707107 -0.408248 0.577350
-0.653281 -0.689632 0.312460
-0.382683 -0.533402 0.754344
3
0.000000 -0.577350 0.816496
-0.382683 -0.533402 0.754344
-0.288675 -0.833333 0.471405
3
-0.500000 -0.866026 0.000001
-0.288675 -0.833333 0.471405
-0.653281 -0.689632 0.312460
3
-0.653281 -0.689632 0.312460
-0.288675 -0.833333 0.471405
-0.382683 -0.533402 0.754344
3
0.707107 -0.408248 0.577350
0.382683 -0.533402 0.754344
0.653281 -0.689632 0.312460
3
0.500000 -0.866026 0.000001
0.653281 -0.689632 0.312460
0.288675 -0.833333 0.471405
3
0.000000 -0.577350 0.816496
0.288675 -0.833333 0.471405
0.382683 -0.533402 0.754344
3
0.382683 -0.533402 0.754344
0.288675 -0.833333 0.471405
0.653281 -0.689632 0.312460
3
0.000000 -0.816497 -0.577349
0.270598 -0.910575 -0.312459
-0.270598 -0.910575 -0.312459
3
-0.500000 -0.866026 0.000001
-0.270598 -0.910575 -0.312459
0.000000 -1.000000 0.000001
3
0.500000 -0.866026 0.000001
0.000000 -1.000000 0.000001
0.270598 -0.910575 -0.312459
3
0.270598 -0.910575 -0.312459
0.000000 -1.000000 0.000001
-0.270598 -0.910575 -0.312459
3
-0.500000 -0.866026 0.000001
0.000000 -1.000000 0.000001
-0.288675 -0.833333 0.471405
3
0.000000 -0.577350 0.816496
-0.288675 -0.833333 0.471405
0.288675 -0.833333 0.471405
3
0.500000 -0.866026 0.000001
0.288675 -0.833333 0.471405
0.000000 -1.000000 0.000001
3
0.000000 -1.000000 0.000001
0.288675 -0.833333 0.471405
-0.288675 -0.833333 0.471405
