1024
3
0.000000 0.000000 1.000000
0.000000 0.119131 0.992879
-0.103170 -0.059566 0.992879
3
-0.204871 -0.118283 0.971616
-0.103170 -0.059566 0.992879
-0.104656 0.060423 0.992671
3
0.000000 0.236565 0.971616
-0.104656 0.060423 0.992671
0.000000 0.119131 0.992879
3
0.000000 0.119131 0.992879
-0.104656 0.060423 0.992671
-0.103170 -0.059566 0.992879
3
-0.398113 -0.229851 0.888074
-0.303654 -0.175315 0.936514
-0.314113 -0.053400 0.947883
3
-0.216994 0.125281 0.968100
-0.314113 -0.053400 0.947883
-0.212519 0.003525 0.977151
3
-0.204871 -0.118283 0.971616
-0.212519 0.003525 0.977151
-0.303654 -0.175315 0.936514
3
-0.303654 -0.175315 0.936514
-0.212519 0.003525 0.977151
-0.314113 -0.053400 0.947883
3
0.000000 0.459700 0.888074
-0.110811 0.298729 0.947883
0.000000 0.350629 0.936514
3
0.000000 0.236565 0.971616
0.000000 0.350629 0.936514
-0.109313 0.182283 0.977151
3
-0.216994 0.125281 0.968100
-0.109313 0.182283 0.977151
-0.110811 0.298729 0.947883
3
-0.110811 0.298729 0.947883
-0.109313 0.182283 0.977151
0.000000 0.350629 0.936514
3
0.000000 0.236565 0.971616
-0.109313 0.182283 0.977151
-0.104656 0.060423 0.992671
3
-0.204871 -0.118283 0.971616
-0.104656 0.060423 0.992671
-0.212519 0.003525 0.977151
3
-0.216994 0.125281 0.968100
-0.212519 0.003525 0.977151
-0.109313 0.182283 0.977151
3
-0.109313 0.182283 0.977151
-0.212519 0.003525 0.977151
-0.104656 0.060423 0.992671
3
-0.707107 -0.408248 0.577350
-0.642506 -0.370951 0.670509
-0.693520 -0.241114 0.678892
3
-0.653281 -0.064713 0.754345
-0.693520 -0.241114 0.678892
-0.616958 -0.198453 0.761564
3
-0.568753 -0.328370 0.754117
-0.616958 -0.198453 0.761564
-0.642506 -0.370951 0.670509
3
-0.642506 -0.370951 0.670509
-0.616958 -0.198453 0.761564
-0.693520 -0.241114 0.678892
3
-0.500000 0.288674 0.816497
-0.587937 0.114174 0.800808
-0.487393 0.161059 0.858201
3
-0.465923 0.030516 0.884299
-0.487393 0.161059 0.858201
-0.563923 -0.017230 0.825648
3
-0.653281 -0.064713 0.754345
-0.563923 -0.017230 0.825648
-0.587937 0.114174 0.800808
3
-0.587937 0.114174 0.800808
-0.563923 -0.017230 0.825648
-0.487393 0.161059 0.858201
3
-0.398113 -0.229851 0.888074
-0.435982 -0.100581 0.894317
-0.486900 -0.281112 0.826985
3
-0.568753 -0.328370 0.754117
-0.486900 -0.281112 0.826985
-0.527753 -0.151925 0.835700
3
-0.465923 0.030516 0.884299
-0.527753 -0.151925 0.835700
-0.435982 -0.100581 0.894317
3
-0.435982 -0.100581 0.894317
-0.527753 -0.151925 0.835700
-0.486900 -0.281112 0.826985
3
-0.568753 -0.328370 0.754117
-0.527753 -0.151925 0.835700
-0.616958 -0.198453 0.761564
3
-0.653281 -0.064713 0.754345
-0.616958 -0.198453 0.761564
-0.563923 -0.017230 0.825648
3
-0.465923 0.030516 0.884299
-0.563923 -0.017230 0.825648
-0.527753 -0.151925 0.835700
3
-0.527753 -0.151925 0.835700
-0.563923 -0.017230 0.825648
-0.616958 -0.198453 0.761564
3
0.000000 0.816495 0.577352
-0.137950 0.721161 0.678894
0.000000 0.741900 0.670510
3
0.000000 0.656739 0.754118
0.000000 0.741900 0.670510
-0.136614 0.633526 0.761565
3
-0.270598 0.598113 0.754346
-0.136614 0.633526 0.761565
-0.137950 0.721161 0.678894
3
-0.137950 0.721161 0.678894
-0.136614 0.633526 0.761565
0.000000 0.741900 0.670510
3
0.000000 0.459700 0.888074
0.000000 0.562223 0.826986
-0.130885 0.427861 0.894318
3
-0.259390 0.388242 0.884299
-0.130885 0.427861 0.894318
-0.132306 0.533009 0.835701
3
0.000000 0.656739 0.754118
-0.132306 0.533009 0.835701
0.000000 0.562223 0.826986
3
0.000000 0.562223 0.826986
-0.132306 0.533009 0.835701
-0.130885 0.427861 0.894318
3
-0.500000 0.288674 0.816497
-0.383179 0.341563 0.858201
-0.392847 0.452080 0.800809
3
-0.270598 0.598113 0.754346
-0.392847 0.452080 0.800809
-0.267040 0.496985 0.825648
3
-0.259390 0.388242 0.884299
-0.267040 0.496985 0.825648
-0.383179 0.341563 0.858201
3
-0.383179 0.341563 0.858201
-0.267040 0.496985 0.825648
-0.392847 0.452080 0.800809
3
-0.270598 0.598113 0.754346
-0.267040 0.496985 0.825648
-0.136614 0.633526 0.761565
3
0.000000 0.656739 0.754118
-0.136614 0.633526 0.761565
-0.132306 0.533009 0.835701
3
-0.259390 0.388242 0.884299
-0.132306 0.533009 0.835701
-0.267040 0.496985 0.825648
3
-0.267040 0.496985 0.825648
-0.132306 0.533009 0.835701
-0.136614 0.633526 0.761565
3
0.000000 0.459700 0.888074
-0.130885 0.427861 0.894318
-0.110811 0.298729 0.947883
3
-0.216994 0.125281 0.968100
-0.110811 0.298729 0.947883
-0.240548 0.259301 0.935361
3
-0.259390 0.388242 0.884299
-0.240548 0.259301 0.935361
-0.130885 0.427861 0.894318
3
-0.130885 0.427861 0.894318
-0.240548 0.259301 0.935361
-0.110811 0.298729 0.947883
3
-0.398113 -0.229851 0.888074
-0.314113 -0.053400 0.947883
-0.435982 -0.100581 0.894317
3
-0.465923 0.030516 0.884299
-0.435982 -0.100581 0.894317
-0.344836 0.078669 0.935361
3
-0.216994 0.125281 0.968100
-0.344836 0.078669 0.935361
-0.314113 -0.053400 0.947883
3
-0.314113 -0.053400 0.947883
-0.344836 0.078669 0.935361
-0.435982 -0.100581 0.894317
3
-0.500000 0.288674 0.816497
-0.487393 0.161059 0.858201
-0.383179 0.341563 0.858201
3
-0.259390 0.388242 0.884299
-0.383179 0.341563 0.858201
-0.370648 0.213993 0.903785
3
-0.465923 0.030516 0.884299
-0.370648 0.213993 0.903785
-0.487393 0.161059 0.858201
3
-0.487393 0.161059 0.858201
-0.370648 0.213993 0.903785
-0.383179 0.341563 0.858201
3
-0.259390 0.388242 0.884299
-0.370648 0.213993 0.903785
-0.240548 0.259301 0.935361
3
-0.216994 0.125281 0.968100
-0.240548 0.259301 0.935361
-0.344836 0.078669 0.935361
3
-0.465923 0.030516 0.884299
-0.344836 0.078669 0.935361
-0.370648 0.213993 0.903785
3
-0.370648 0.213993 0.903785
-0.344836 0.078669 0.935361
-0.240548 0.259301 0.935361
3
-0.816497 -0.471405 -0.333333
-0.845072 -0.487903 -0.218641
-0.845072 -0.368772 -0.387118
3
-0.861612 -0.260887 -0.435389
-0.845072 -0.368772 -0.387118
-0.880283 -0.387386 -0.273922
3
-0.861611 -0.497452 -0.100836
-0.880283 -0.387386 -0.273922
-0.845072 -0.487903 -0.218641
3
-0.845072 -0.487903 -0.218641
-0.880283 -0.387386 -0.273922
-0.845072 -0.368772 -0.387118
3
-0.857814 -0.035558 -0.512728
-0.865879 -0.149285 -0.477459
-0.915585 -0.165906 -0.366305
3
-0.935113 -0.289325 -0.204583
-0.915585 -0.165906 -0.366305
-0.905118 -0.277174 -0.322392
3
-0.861612 -0.260887 -0.435389
-0.905118 -0.277174 -0.322392
-0.865879 -0.149285 -0.477459
3
-0.865879 -0.149285 -0.477459
-0.905118 -0.277174 -0.322392
-0.915585 -0.165906 -0.366305
3
-0.857813 -0.495259 0.137386
-0.915584 -0.400659 -0.034315
-0.865879 -0.499915 0.018406
3
-0.861611 -0.497452 -0.100836
-0.865879 -0.499915 0.018406
-0.905117 -0.396346 -0.153858
3
-0.935113 -0.289325 -0.204583
-0.905117 -0.396346 -0.153858
-0.915584 -0.400659 -0.034315
3
-0.915584 -0.400659 -0.034315
-0.905117 -0.396346 -0.153858
-0.865879 -0.499915 0.018406
3
-0.861611 -0.497452 -0.100836
-0.905117 -0.396346 -0.153858
-0.880283 -0.387386 -0.273922
3
-0.861612 -0.260887 -0.435389
-0.880283 -0.387386 -0.273922
-0.905118 -0.277174 -0.322392
3
-0.935113 -0.289325 -0.204583
-0.905118 -0.277174 -0.322392
-0.905117 -0.396346 -0.153858
3
-0.905117 -0.396346 -0.153858
-0.905118 -0.277174 -0.322392
-0.880283 -0.387386 -0.273922
3
-0.707108 0.408249 -0.577348
-0.761638 0.302171 -0.573237
-0.831471 0.320759 -0.453619
3
-0.923880 0.220942 -0.312458
-0.831471 0.320759 -0.453619
-0.873006 0.208372 -0.440955
3
-0.805320 0.191789 -0.560961
-0.873006 0.208372 -0.440955
-0.761638 0.302171 -0.573237
3
-0.761638 0.302171 -0.573237
-0.873006 0.208372 -0.440955
-0.831471 0.320759 -0.453619
3
-1.000000 0.000000 0.000001
-0.980786 0.112636 -0.159289
-0.990908 -0.009308 -0.134216
3
-0.963798 -0.018447 -0.265993
-0.990908 -0.009308 -0.134216
-0.951127 0.102030 -0.291458
3
-0.923880 0.220942 -0.312458
-0.951127 0.102030 -0.291458
-0.980786 0.112636 -0.159289
3
-0.980786 0.112636 -0.159289
-0.951127 0.102030 -0.291458
-0.990908 -0.009308 -0.134216
3
-0.857814 -0.035558 -0.512728
-0.919163 -0.027250 -0.392933
-0.837532 0.078676 -0.540695
3
-0.805320 0.191789 -0.560961
-0.837532 0.078676 -0.540695
-0.902367 0.088416 -0.421801
3
-0.963798 -0.018447 -0.265993
-0.902367 0.088416 -0.421801
-0.919163 -0.027250 -0.392933
3
-0.919163 -0.027250 -0.392933
-0.902367 0.088416 -0.421801
-0.837532 0.078676 -0.540695
3
-0.805320 0.191789 -0.560961
-0.902367 0.088416 -0.421801
-0.873006 0.208372 -0.440955
3
-0.923880 0.220942 -0.312458
-0.873006 0.208372 -0.440955
-0.951127 0.102030 -0.291458
3
-0.963798 -0.018447 -0.265993
-0.951127 0.102030 -0.291458
-0.902367 0.088416 -0.421801
3
-0.902367 0.088416 -0.421801
-0.951127 0.102030 -0.291458
-0.873006 0.208372 -0.440955
3
-0.707107 -0.408248 0.577350
-0.831469 -0.320759 0.453621
-0.761637 -0.439731 0.475969
3
-0.805319 -0.464951 0.367808
-0.761637 -0.439731 0.475969
-0.873005 -0.346281 0.343441
3
-0.923879 -0.220942 0.312460
-0.873005 -0.346281 0.343441
-0.831469 -0.320759 0.453621
3
-0.831469 -0.320759 0.453621
-0.873005 -0.346281 0.343441
-0.761637 -0.439731 0.475969
3
-0.857813 -0.495259 0.137386
-0.837530 -0.483549 0.254408
-0.919163 -0.379546 0.105287
3
-0.963798 -0.256931 0.071274
-0.919163 -0.379546 0.105287
-0.902366 -0.368207 0.223961
3
-0.805319 -0.464951 0.367808
-0.902366 -0.368207 0.223961
-0.837530 -0.483549 0.254408
3
-0.837530 -0.483549 0.254408
-0.902366 -0.368207 0.223961
-0.919163 -0.379546 0.105287
3
-1.000000 0.000000 0.000001
-0.990908 -0.129644 0.035965
-0.980785 -0.112635 0.159292
3
-0.923879 -0.220942 0.312460
-0.980785 -0.112635 0.159292
-0.951126 -0.240781 0.193348
3
-0.963798 -0.256931 0.071274
-0.951126 -0.240781 0.193348
-0.990908 -0.129644 0.035965
3
-0.990908 -0.129644 0.035965
-0.951126 -0.240781 0.193348
-0.980785 -0.112635 0.159292
3
-0.923879 -0.220942 0.312460
-0.951126 -0.240781 0.193348
-0.873005 -0.346281 0.343441
3
-0.805319 -0.464951 0.367808
-0.873005 -0.346281 0.343441
-0.902366 -0.368207 0.223961
3
-0.963798 -0.256931 0.071274
-0.902366 -0.368207 0.223961
-0.951126 -0.240781 0.193348
3
-0.951126 -0.240781 0.193348
-0.902366 -0.368207 0.223961
-0.873005 -0.346281 0.343441
3
-0.857813 -0.495259 0.137386
-0.919163 -0.379546 0.105287
-0.915584 -0.400659 -0.034315
3
-0.935113 -0.289325 -0.204583
-0.915584 -0.400659 -0.034315
-0.958847 -0.275829 -0.067314
3
-0.963798 -0.256931 0.071274
-0.958847 -0.275829 -0.067314
-0.919163 -0.379546 0.105287
3
-0.919163 -0.379546 0.105287
-0.958847 -0.275829 -0.067314
-0.915584 -0.400659 -0.034315
3
-0.857814 -0.035558 -0.512728
-0.915585 -0.165906 -0.366305
-0.919163 -0.027250 -0.392933
3
-0.963798 -0.018447 -0.265993
-0.919163 -0.027250 -0.392933
-0.958847 -0.155408 -0.237615
3
-0.935113 -0.289325 -0.204583
-0.958847 -0.155408 -0.237615
-0.915585 -0.165906 -0.366305
3
-0.915585 -0.165906 -0.366305
-0.958847 -0.155408 -0.237615
-0.919163 -0.027250 -0.392933
3
-1.000000 0.000000 0.000001
-0.990908 -0.009308 -0.134216
-0.990908 -0.129644 0.035965
3
-0.963798 -0.256931 0.071274
-0.990908 -0.129644 0.035965
-0.985036 -0.140723 -0.099505
3
-0.963798 -0.018447 -0.265993
-0.985036 -0.140723 -0.099505
-0.990908 -0.009308 -0.134216
3
-0.990908 -0.009308 -0.134216
-0.985036 -0.140723 -0.099505
-0.990908 -0.129644 0.035965
3
-0.963798 -0.256931 0.071274
-0.985036 -0.140723 -0.099505
-0.958847 -0.275829 -0.067314
3
-0.935113 -0.289325 -0.204583
-0.958847 -0.275829 -0.067314
-0.958847 -0.155408 -0.237615
3
-0.963798 -0.018447 -0.265993
-0.958847 -0.155408 -0.237615
-0.985036 -0.140723 -0.099505
3
-0.985036 -0.140723 -0.099505
-0.958847 -0.155408 -0.237615
-0.958847 -0.275829 -0.067314
3
0.000000 0.942809 -0.333330
-0.103171 0.916241 -0.387116
0.000000 0.975806 -0.218639
3
0.000000 0.994903 -0.100833
0.000000 0.975806 -0.218639
-0.104656 0.956041 -0.273920
3
-0.204872 0.876622 -0.435387
-0.104656 0.956041 -0.273920
-0.103171 0.916241 -0.387116
3
-0.103171 0.916241 -0.387116
-0.104656 0.956041 -0.273920
0.000000 0.975806 -0.218639
3
0.000000 0.990517 0.137389
0.000000 0.999831 0.018409
-0.110811 0.993249 -0.034313
3
-0.216995 0.954495 -0.204581
-0.110811 0.993249 -0.034313
-0.109313 0.982028 -0.153855
3
0.000000 0.994903 -0.100833
-0.109313 0.982028 -0.153855
0.000000 0.999831 0.018409
3
0.000000 0.999831 0.018409
-0.109313 0.982028 -0.153855
-0.110811 0.993249 -0.034313
3
-0.398114 0.760668 -0.512727
-0.314114 0.875873 -0.366304
-0.303656 0.824517 -0.477457
3
-0.204872 0.876622 -0.435387
-0.303656 0.824517 -0.477457
-0.212520 0.922442 -0.322390
3
-0.216995 0.954495 -0.204581
-0.212520 0.922442 -0.322390
-0.314114 0.875873 -0.366304
3
-0.314114 0.875873 -0.366304
-0.212520 0.922442 -0.322390
-0.303656 0.824517 -0.477457
3
-0.204872 0.876622 -0.435387
-0.212520 0.922442 -0.322390
-0.104656 0.956041 -0.273920
3
0.000000 0.994903 -0.100833
-0.104656 0.956041 -0.273920
-0.109313 0.982028 -0.153855
3
-0.216995 0.954495 -0.204581
-0.109313 0.982028 -0.153855
-0.212520 0.922442 -0.322390
3
-0.212520 0.922442 -0.322390
-0.109313 0.982028 -0.153855
-0.104656 0.956041 -0.273920
3
0.000000 0.816495 0.577352
0.000000 0.879461 0.475971
-0.137950 0.880452 0.453624
3
-0.270599 0.910573 0.312462
-0.137950 0.880452 0.453624
-0.136615 0.929184 0.343443
3
0.000000 0.929901 0.367810
-0.136615 0.929184 0.343443
0.000000 0.879461 0.475971
3
0.000000 0.879461 0.475971
-0.136615 0.929184 0.343443
-0.137950 0.880452 0.453624
3
-0.500001 0.866025 0.000003
-0.392848 0.905702 0.159293
-0.383180 0.922973 0.035966
3
-0.259391 0.963139 0.071276
-0.383180 0.922973 0.035966
-0.267041 0.944089 0.193351
3
-0.270599 0.910573 0.312462
-0.267041 0.944089 0.193351
-0.392848 0.905702 0.159293
3
-0.392848 0.905702 0.159293
-0.267041 0.944089 0.193351
-0.383180 0.922973 0.035966
3
0.000000 0.990517 0.137389
-0.130886 0.985791 0.105290
0.000000 0.967096 0.254411
3
0.000000 0.929901 0.367810
0.000000 0.967096 0.254411
-0.132307 0.965575 0.223963
3
-0.259391 0.963139 0.071276
-0.132307 0.965575 0.223963
-0.130886 0.985791 0.105290
3
-0.130886 0.985791 0.105290
-0.132307 0.965575 0.223963
0.000000 0.967096 0.254411
3
0.000000 0.929901 0.367810
-0.132307 0.965575 0.223963
-0.136615 0.929184 0.343443
3
-0.270599 0.910573 0.312462
-0.136615 0.929184 0.343443
-0.267041 0.944089 0.193351
3
-0.259391 0.963139 0.071276
-0.267041 0.944089 0.193351
-0.132307 0.965575 0.223963
3
-0.132307 0.965575 0.223963
-0.267041 0.944089 0.193351
-0.136615 0.929184 0.343443
3
-0.707108 0.408249 -0.577348
-0.693522 0.559695 -0.453619
-0.642507 0.508512 -0.573236
3
-0.568755 0.601533 -0.560960
-0.642507 0.508512 -0.573236
-0.616960 0.651859 -0.440954
3
-0.653283 0.689632 -0.312457
-0.616960 0.651859 -0.440954
-0.693522 0.559695 -0.453619
3
-0.693522 0.559695 -0.453619
-0.616960 0.651859 -0.440954
-0.642507 0.508512 -0.573236
3
-0.398114 0.760668 -0.512727
-0.486902 0.685986 -0.540694
-0.435983 0.809644 -0.392932
3
-0.465925 0.843897 -0.265992
-0.435983 0.809644 -0.392932
-0.527755 0.737265 -0.421800
3
-0.568755 0.601533 -0.560960
-0.527755 0.737265 -0.421800
-0.486902 0.685986 -0.540694
3
-0.486902 0.685986 -0.540694
-0.527755 0.737265 -0.421800
-0.435983 0.809644 -0.392932
3
-0.500001 0.866025 0.000003
-0.487394 0.862805 -0.134215
-0.587939 0.793067 -0.159288
3
-0.653283 0.689632 -0.312457
-0.587939 0.793067 -0.159288
-0.563925 0.772685 -0.291457
3
-0.465925 0.843897 -0.265992
-0.563925 0.772685 -0.291457
-0.487394 0.862805 -0.134215
3
-0.487394 0.862805 -0.134215
-0.563925 0.772685 -0.291457
-0.587939 0.793067 -0.159288
3
-0.653283 0.689632 -0.312457
-0.563925 0.772685 -0.291457
-0.616960 0.651859 -0.440954
3
-0.568755 0.601533 -0.560960
-0.616960 0.651859 -0.440954
-0.527755 0.737265 -0.421800
3
-0.465925 0.843897 -0.265992
-0.527755 0.737265 -0.421800
-0.563925 0.772685 -0.291457
3
-0.563925 0.772685 -0.291457
-0.527755 0.737265 -0.421800
-0.616960 0.651859 -0.440954
3
-0.398114 0.760668 -0.512727
-0.435983 0.809644 -0.392932
-0.314114 0.875873 -0.366304
3
-0.216995 0.954495 -0.204581
-0.314114 0.875873 -0.366304
-0.344837 0.908090 -0.237613
3
-0.465925 0.843897 -0.265992
-0.344837 0.908090 -0.237613
-0.435983 0.809644 -0.392932
3
-0.435983 0.809644 -0.392932
-0.344837 0.908090 -0.237613
-0.314114 0.875873 -0.366304
3
0.000000 0.990517 0.137389
-0.110811 0.993249 -0.034313
-0.130886 0.985791 0.105290
3
-0.259391 0.963139 0.071276
-0.130886 0.985791 0.105290
-0.240549 0.968300 -0.067312
3
-0.216995 0.954495 -0.204581
-0.240549 0.968300 -0.067312
-0.110811 0.993249 -0.034313
3
-0.110811 0.993249 -0.034313
-0.240549 0.968300 -0.067312
-0.130886 0.985791 0.105290
3
-0.500001 0.866025 0.000003
-0.383180 0.922973 0.035966
-0.487394 0.862805 -0.134215
3
-0.465925 0.843897 -0.265992
-0.487394 0.862805 -0.134215
-0.370649 0.923427 -0.099503
3
-0.259391 0.963139 0.071276
-0.370649 0.923427 -0.099503
-0.383180 0.922973 0.035966
3
-0.383180 0.922973 0.035966
-0.370649 0.923427 -0.099503
-0.487394 0.862805 -0.134215
3
-0.465925 0.843897 -0.265992
-0.370649 0.923427 -0.099503
-0.344837 0.908090 -0.237613
3
-0.216995 0.954495 -0.204581
-0.344837 0.908090 -0.237613
-0.240549 0.968300 -0.067312
3
-0.259391 0.963139 0.071276
-0.240549 0.968300 -0.067312
-0.370649 0.923427 -0.099503
3
-0.370649 0.923427 -0.099503
-0.240549 0.968300 -0.067312
-0.344837 0.908090 -0.237613
3
0.000000 0.816495 0.577352
-0.137950 0.880452 0.453624
-0.137950 0.721161 0.678894
3
-0.270598 0.598113 0.754346
-0.137950 0.721161 0.678894
-0.281085 0.783576 0.554075
3
-0.270599 0.910573 0.312462
-0.281085 0.783576 0.554075
-0.137950 0.880452 0.453624
3
-0.137950 0.880452 0.453624
-0.281085 0.783576 0.554075
-0.137950 0.721161 0.678894
3
-0.500000 0.288674 0.816497
-0.392847 0.452080 0.800809
-0.557677 0.494520 0.666668
3
-0.577350 0.666665 0.471406
-0.557677 0.494520 0.666668
-0.433783 0.647020 0.627055
3
-0.270598 0.598113 0.754346
-0.433783 0.647020 0.627055
-0.392847 0.452080 0.800809
3
-0.392847 0.452080 0.800809
-0.433783 0.647020 0.627055
-0.557677 0.494520 0.666668
3
-0.500001 0.866025 0.000003
-0.557678 0.793379 0.244019
-0.392848 0.905702 0.159293
3
-0.270599 0.910573 0.312462
-0.392848 0.905702 0.159293
-0.433783 0.806864 0.401002
3
-0.577350 0.666665 0.471406
-0.433783 0.806864 0.401002
-0.557678 0.793379 0.244019
3
-0.557678 0.793379 0.244019
-0.433783 0.806864 0.401002
-0.392848 0.905702 0.159293
3
-0.270599 0.910573 0.312462
-0.433783 0.806864 0.401002
-0.281085 0.783576 0.554075
3
-0.270598 0.598113 0.754346
-0.281085 0.783576 0.554075
-0.433783 0.647020 0.627055
3
-0.577350 0.666665 0.471406
-0.433783 0.647020 0.627055
-0.433783 0.806864 0.401002
3
-0.433783 0.806864 0.401002
-0.433783 0.647020 0.627055
-0.281085 0.783576 0.554075
3
-0.707107 -0.408248 0.577350
-0.693520 -0.241114 0.678892
-0.831469 -0.320759 0.453621
3
-0.923879 -0.220942 0.312460
-0.831469 -0.320759 0.453621
-0.819140 -0.148363 0.554074
3
-0.653281 -0.064713 0.754345
-0.819140 -0.148363 0.554074
-0.693520 -0.241114 0.678892
3
-0.693520 -0.241114 0.678892
-0.819140 -0.148363 0.554074
-0.831469 -0.320759 0.453621
3
-1.000000 0.000000 0.000001
-0.980785 -0.112635 0.159292
-0.965926 0.086273 0.244018
3
-0.866025 0.166666 0.471406
-0.965926 0.086273 0.244018
-0.915657 -0.027766 0.401000
3
-0.923879 -0.220942 0.312460
-0.915657 -0.027766 0.401000
-0.980785 -0.112635 0.159292
3
-0.980785 -0.112635 0.159292
-0.915657 -0.027766 0.401000
-0.965926 0.086273 0.244018
3
-0.500000 0.288674 0.816497
-0.707106 0.235701 0.666668
-0.587937 0.114174 0.800808
3
-0.653281 -0.064713 0.754345
-0.587937 0.114174 0.800808
-0.777228 0.052156 0.627054
3
-0.866025 0.166666 0.471406
-0.777228 0.052156 0.627054
-0.707106 0.235701 0.666668
3
-0.707106 0.235701 0.666668
-0.777228 0.052156 0.627054
-0.587937 0.114174 0.800808
3
-0.653281 -0.064713 0.754345
-0.777228 0.052156 0.627054
-0.819140 -0.148363 0.554074
3
-0.923879 -0.220942 0.312460
-0.819140 -0.148363 0.554074
-0.915657 -0.027766 0.401000
3
-0.866025 0.166666 0.471406
-0.915657 -0.027766 0.401000
-0.777228 0.052156 0.627054
3
-0.777228 0.052156 0.627054
-0.915657 -0.027766 0.401000
-0.819140 -0.148363 0.554074
3
-0.707108 0.408249 -0.577348
-0.831471 0.320759 -0.453619
-0.693522 0.559695 -0.453619
3
-0.653283 0.689632 -0.312457
-0.693522 0.559695 -0.453619
-0.819142 0.472931 -0.324566
3
-0.923880 0.220942 -0.312458
-0.819142 0.472931 -0.324566
-0.831471 0.320759 -0.453619
3
-0.831471 0.320759 -0.453619
-0.819142 0.472931 -0.324566
-0.693522 0.559695 -0.453619
3
-0.500001 0.866025 0.000003
-0.587939 0.793067 -0.159288
-0.707107 0.707106 0.000003
3
-0.866026 0.499999 0.000003
-0.707107 0.707106 0.000003
-0.777229 0.608577 -0.159842
3
-0.653283 0.689632 -0.312457
-0.777229 0.608577 -0.159842
-0.587939 0.793067 -0.159288
3
-0.587939 0.793067 -0.159288
-0.777229 0.608577 -0.159842
-0.707107 0.707106 0.000003
3
-1.000000 0.000000 0.000001
-0.965926 0.258819 0.000002
-0.980786 0.112636 -0.159289
3
-0.923880 0.220942 -0.312458
-0.980786 0.112636 -0.159289
-0.915658 0.368811 -0.159842
3
-0.866026 0.499999 0.000003
-0.915658 0.368811 -0.159842
-0.965926 0.258819 0.000002
3
-0.965926 0.258819 0.000002
-0.915658 0.368811 -0.159842
-0.980786 0.112636 -0.159289
3
-0.923880 0.220942 -0.312458
-0.915658 0.368811 -0.159842
-0.819142 0.472931 -0.324566
3
-0.653283 0.689632 -0.312457
-0.819142 0.472931 -0.324566
-0.777229 0.608577 -0.159842
3
-0.866026 0.499999 0.000003
-0.777229 0.608577 -0.159842
-0.915658 0.368811 -0.159842
3
-0.915658 0.368811 -0.159842
-0.777229 0.608577 -0.159842
-0.819142 0.472931 -0.324566
3
-0.500001 0.866025 0.000003
-0.707107 0.707106 0.000003
-0.557678 0.793379 0.244019
3
-0.577350 0.666665 0.471406
-0.557678 0.793379 0.244019
-0.753779 0.609271 0.246185
3
-0.866026 0.499999 0.000003
-0.753779 0.609271 0.246185
-0.707107 0.707106 0.000003
3
-0.707107 0.707106 0.000003
-0.753779 0.609271 0.246185
-0.557678 0.793379 0.244019
3
-0.500000 0.288674 0.816497
-0.557677 0.494520 0.666668
-0.707106 0.235701 0.666668
3
-0.866025 0.166666 0.471406
-0.707106 0.235701 0.666668
-0.753778 0.435193 0.492367
3
-0.577350 0.666665 0.471406
-0.753778 0.435193 0.492367
-0.557677 0.494520 0.666668
3
-0.557677 0.494520 0.666668
-0.753778 0.435193 0.492367
-0.707106 0.235701 0.666668
3
-1.000000 0.000000 0.000001
-0.965926 0.086273 0.244018
-0.965926 0.258819 0.000002
3
-0.866026 0.499999 0.000003
-0.965926 0.258819 0.000002
-0.904534 0.348155 0.246185
3
-0.866025 0.166666 0.471406
-0.904534 0.348155 0.246185
-0.965926 0.086273 0.244018
3
-0.965926 0.086273 0.244018
-0.904534 0.348155 0.246185
-0.965926 0.258819 0.000002
3
-0.866026 0.499999 0.000003
-0.904534 0.348155 0.246185
-0.753779 0.609271 0.246185
3
-0.577350 0.666665 0.471406
-0.753779 0.609271 0.246185
-0.753778 0.435193 0.492367
3
-0.866025 0.166666 0.471406
-0.753778 0.435193 0.492367
-0.904534 0.348155 0.246185
3
-0.904534 0.348155 0.246185
-0.753778 0.435193 0.492367
-0.753779 0.609271 0.246185
3
0.816497 -0.471405 -0.333333
0.741902 -0.547468 -0.387118
0.845072 -0.368772 -0.387118
3
0.861612 -0.260887 -0.435389
0.845072 -0.368772 -0.387118
0.775628 -0.447809 -0.444824
3
0.656740 -0.615734 -0.435389
0.775628 -0.447809 -0.444824
0.741902 -0.547468 -0.387118
3
0.741902 -0.547468 -0.387118
0.775628 -0.447809 -0.444824
0.845072 -0.368772 -0.387118
3
0.857814 -0.035558 -0.512728
0.865879 -0.149285 -0.477459
0.804774 -0.229883 -0.547259
3
0.718120 -0.414607 -0.558932
0.804774 -0.229883 -0.547259
0.795805 -0.340286 -0.500899
3
0.861612 -0.260887 -0.435389
0.795805 -0.340286 -0.500899
0.865879 -0.149285 -0.477459
3
0.865879 -0.149285 -0.477459
0.795805 -0.340286 -0.500899
0.804774 -0.229883 -0.547259
3
0.459701 -0.725110 -0.512729
0.601472 -0.582013 -0.547259
0.562224 -0.675231 -0.477459
3
0.656740 -0.615734 -0.435389
0.562224 -0.675231 -0.477459
0.692599 -0.519044 -0.500899
3
0.718120 -0.414607 -0.558932
0.692599 -0.519044 -0.500899
0.601472 -0.582013 -0.547259
3
0.601472 -0.582013 -0.547259
0.692599 -0.519044 -0.500899
0.562224 -0.675231 -0.477459
3
0.656740 -0.615734 -0.435389
0.692599 -0.519044 -0.500899
0.775628 -0.447809 -0.444824
3
0.861612 -0.260887 -0.435389
0.775628 -0.447809 -0.444824
0.795805 -0.340286 -0.500899
3
0.718120 -0.414607 -0.558932
0.795805 -0.340286 -0.500899
0.692599 -0.519044 -0.500899
3
0.692599 -0.519044 -0.500899
0.795805 -0.340286 -0.500899
0.775628 -0.447809 -0.444824
3
0.707108 0.408249 -0.577348
0.761638 0.302171 -0.573237
0.693522 0.241113 -0.678890
3
0.653283 0.064712 -0.754343
0.693522 0.241113 -0.678890
0.736392 0.129498 -0.664046
3
0.805320 0.191789 -0.560961
0.736392 0.129498 -0.664046
0.761638 0.302171 -0.573237
3
0.761638 0.302171 -0.573237
0.736392 0.129498 -0.664046
0.693522 0.241113 -0.678890
3
0.500002 -0.288676 -0.816495
0.587940 -0.114175 -0.800806
0.607731 -0.230537 -0.759945
3
0.704409 -0.168206 -0.689576
0.607731 -0.230537 -0.759945
0.684088 -0.052146 -0.727533
3
0.653283 0.064712 -0.754343
0.684088 -0.052146 -0.727533
0.587940 -0.114175 -0.800806
3
0.587940 -0.114175 -0.800806
0.684088 -0.052146 -0.727533
0.607731 -0.230537 -0.759945
3
0.857814 -0.035558 -0.512728
0.788279 -0.102817 -0.606668
0.837532 0.078676 -0.540695
3
0.805320 0.191789 -0.560961
0.837532 0.078676 -0.540695
0.770062 0.012029 -0.637856
3
0.704409 -0.168206 -0.689576
0.770062 0.012029 -0.637856
0.788279 -0.102817 -0.606668
3
0.788279 -0.102817 -0.606668
0.770062 0.012029 -0.637856
0.837532 0.078676 -0.540695
3
0.805320 0.191789 -0.560961
0.770062 0.012029 -0.637856
0.736392 0.129498 -0.664046
3
0.653283 0.064712 -0.754343
0.736392 0.129498 -0.664046
0.684088 -0.052146 -0.727533
3
0.704409 -0.168206 -0.689576
0.684088 -0.052146 -0.727533
0.770062 0.012029 -0.637856
3
0.770062 0.012029 -0.637856
0.684088 -0.052146 -0.727533
0.736392 0.129498 -0.664046
3
0.000000 -0.816497 -0.577349
0.137950 -0.721163 -0.678891
0.119131 -0.810683 -0.573238
3
0.236565 -0.793321 -0.560962
0.119131 -0.810683 -0.573238
0.256048 -0.702483 -0.664047
3
0.270599 -0.598115 -0.754344
0.256048 -0.702483 -0.664047
0.137950 -0.721163 -0.678891
3
0.137950 -0.721163 -0.678891
0.256048 -0.702483 -0.664047
0.119131 -0.810683 -0.573238
3
0.459701 -0.725110 -0.512729
0.350630 -0.764661 -0.540696
0.483181 -0.631260 -0.606668
3
0.497875 -0.525932 -0.689576
0.483181 -0.631260 -0.606668
0.374613 -0.672907 -0.637857
3
0.236565 -0.793321 -0.560962
0.374613 -0.672907 -0.637857
0.350630 -0.764661 -0.540696
3
0.350630 -0.764661 -0.540696
0.374613 -0.672907 -0.637857
0.483181 -0.631260 -0.606668
3
0.500002 -0.288676 -0.816495
0.503516 -0.411041 -0.759945
0.392849 -0.452082 -0.800807
3
0.270599 -0.598115 -0.754344
0.392849 -0.452082 -0.800807
0.387204 -0.566363 -0.727534
3
0.497875 -0.525932 -0.689576
0.387204 -0.566363 -0.727534
0.503516 -0.411041 -0.759945
3
0.503516 -0.411041 -0.759945
0.387204 -0.566363 -0.727534
0.392849 -0.452082 -0.800807
3
0.270599 -0.598115 -0.754344
0.387204 -0.566363 -0.727534
0.256048 -0.702483 -0.664047
3
0.236565 -0.793321 -0.560962
0.256048 -0.702483 -0.664047
0.374613 -0.672907 -0.637857
3
0.497875 -0.525932 -0.689576
0.374613 -0.672907 -0.637857
0.387204 -0.566363 -0.727534
3
0.387204 -0.566363 -0.727534
0.374613 -0.672907 -0.637857
0.256048 -0.702483 -0.664047
3
0.459701 -0.725110 -0.512729
0.483181 -0.631260 -0.606668
0.601472 -0.582013 -0.547259
3
0.718120 -0.414607 -0.558932
0.601472 -0.582013 -0.547259
0.614011 -0.474921 -0.630428
3
0.497875 -0.525932 -0.689576
0.614011 -0.474921 -0.630428
0.483181 -0.631260 -0.606668
3
0.483181 -0.631260 -0.606668
0.614011 -0.474921 -0.630428
0.601472 -0.582013 -0.547259
3
0.857814 -0.035558 -0.512728
0.804774 -0.229883 -0.547259
0.788279 -0.102817 -0.606668
3
0.704409 -0.168206 -0.689576
0.788279 -0.102817 -0.606668
0.718300 -0.294289 -0.630428
3
0.718120 -0.414607 -0.558932
0.718300 -0.294289 -0.630428
0.804774 -0.229883 -0.547259
3
0.804774 -0.229883 -0.547259
0.718300 -0.294289 -0.630428
0.788279 -0.102817 -0.606668
3
0.500002 -0.288676 -0.816495
0.607731 -0.230537 -0.759945
0.503516 -0.411041 -0.759945
3
0.497875 -0.525932 -0.689576
0.503516 -0.411041 -0.759945
0.614389 -0.354717 -0.704771
3
0.704409 -0.168206 -0.689576
0.614389 -0.354717 -0.704771
0.607731 -0.230537 -0.759945
3
0.607731 -0.230537 -0.759945
0.614389 -0.354717 -0.704771
0.503516 -0.411041 -0.759945
3
0.497875 -0.525932 -0.689576
0.614389 -0.354717 -0.704771
0.614011 -0.474921 -0.630428
3
0.718120 -0.414607 -0.558932
0.614011 -0.474921 -0.630428
0.718300 -0.294289 -0.630428
3
0.704409 -0.168206 -0.689576
0.718300 -0.294289 -0.630428
0.614389 -0.354717 -0.704771
3
0.614389 -0.354717 -0.704771
0.718300 -0.294289 -0.630428
0.614011 -0.474921 -0.630428
3
0.000000 0.942809 -0.333330
0.103171 0.916241 -0.387116
-0.103171 0.916241 -0.387116
3
-0.204872 0.876622 -0.435387
-0.103171 0.916241 -0.387116
0.000000 0.895619 -0.444822
3
0.204872 0.876622 -0.435387
0.000000 0.895619 -0.444822
0.103171 0.916241 -0.387116
3
0.103171 0.916241 -0.387116
0.000000 0.895619 -0.444822
-0.103171 0.916241 -0.387116
3
-0.398114 0.760668 -0.512727
-0.303656 0.824517 -0.477457
-0.203303 0.811897 -0.547258
3
0.000000 0.829214 -0.558931
-0.203303 0.811897 -0.547258
-0.103206 0.859331 -0.500897
3
-0.204872 0.876622 -0.435387
-0.103206 0.859331 -0.500897
-0.303656 0.824517 -0.477457
3
-0.303656 0.824517 -0.477457
-0.103206 0.859331 -0.500897
-0.203303 0.811897 -0.547258
3
0.398114 0.760668 -0.512727
0.203303 0.811897 -0.547258
0.303656 0.824517 -0.477457
3
0.204872 0.876622 -0.435387
0.303656 0.824517 -0.477457
0.103206 0.859331 -0.500897
3
0.000000 0.829214 -0.558931
0.103206 0.859331 -0.500897
0.203303 0.811897 -0.547258
3
0.203303 0.811897 -0.547258
0.103206 0.859331 -0.500897
0.303656 0.824517 -0.477457
3
0.204872 0.876622 -0.435387
0.103206 0.859331 -0.500897
0.000000 0.895619 -0.444822
3
-0.204872 0.876622 -0.435387
0.000000 0.895619 -0.444822
-0.103206 0.859331 -0.500897
3
0.000000 0.829214 -0.558931
-0.103206 0.859331 -0.500897
0.103206 0.859331 -0.500897
3
0.103206 0.859331 -0.500897
-0.103206 0.859331 -0.500897
0.000000 0.895619 -0.444822
3
-0.707108 0.408249 -0.577348
-0.642507 0.508512 -0.573236
-0.555572 0.480050 -0.678890
3
-0.382684 0.533403 -0.754343
-0.555572 0.480050 -0.678890
-0.480345 0.572985 -0.664046
3
-0.568755 0.601533 -0.560960
-0.480345 0.572985 -0.664046
-0.642507 0.508512 -0.573236
3
-0.642507 0.508512 -0.573236
-0.480345 0.572985 -0.664046
-0.555572 0.480050 -0.678890
3
0.000000 0.577352 -0.816495
-0.195091 0.566258 -0.800807
-0.104214 0.641579 -0.759945
3
-0.206534 0.694139 -0.689575
-0.104214 0.641579 -0.759945
-0.296884 0.618510 -0.727533
3
-0.382684 0.533403 -0.754343
-0.296884 0.618510 -0.727533
-0.195091 0.566258 -0.800807
3
-0.195091 0.566258 -0.800807
-0.296884 0.618510 -0.727533
-0.104214 0.641579 -0.759945
3
-0.398114 0.760668 -0.512727
-0.305098 0.734078 -0.606667
-0.486902 0.685986 -0.540694
3
-0.568755 0.601533 -0.560960
-0.486902 0.685986 -0.540694
-0.395449 0.660878 -0.637856
3
-0.206534 0.694139 -0.689575
-0.395449 0.660878 -0.637856
-0.305098 0.734078 -0.606667
3
-0.305098 0.734078 -0.606667
-0.395449 0.660878 -0.637856
-0.486902 0.685986 -0.540694
3
-0.568755 0.601533 -0.560960
-0.395449 0.660878 -0.637856
-0.480345 0.572985 -0.664046
3
-0.382684 0.533403 -0.754343
-0.480345 0.572985 -0.664046
-0.296884 0.618510 -0.727533
3
-0.206534 0.694139 -0.689575
-0.296884 0.618510 -0.727533
-0.395449 0.660878 -0.637856
3
-0.395449 0.660878 -0.637856
-0.296884 0.618510 -0.727533
-0.480345 0.572985 -0.664046
3
0.707108 0.408249 -0.577348
0.555572 0.480050 -0.678890
0.642507 0.508512 -0.573236
3
0.568755 0.601533 -0.560960
0.642507 0.508512 -0.573236
0.480345 0.572985 -0.664046
3
0.382684 0.533403 -0.754343
0.480345 0.572985 -0.664046
0.555572 0.480050 -0.678890
3
0.555572 0.480050 -0.678890
0.480345 0.572985 -0.664046
0.642507 0.508512 -0.573236
3
0.398114 0.760668 -0.512727
0.486902 0.685986 -0.540694
0.305098 0.734078 -0.606667
3
0.206534 0.694139 -0.689575
0.305098 0.734078 -0.606667
0.395449 0.660878 -0.637856
3
0.568755 0.601533 -0.560960
0.395449 0.660878 -0.637856
0.486902 0.685986 -0.540694
3
0.486902 0.685986 -0.540694
0.395449 0.660878 -0.637856
0.305098 0.734078 -0.606667
3
0.000000 0.577352 -0.816495
0.104214 0.641579 -0.759945
0.195091 0.566258 -0.800807
3
0.382684 0.533403 -0.754343
0.195091 0.566258 -0.800807
0.296884 0.618510 -0.727533
3
0.206534 0.694139 -0.689575
0.296884 0.618510 -0.727533
0.104214 0.641579 -0.759945
3
0.104214 0.641579 -0.759945
0.296884 0.618510 -0.727533
0.195091 0.566258 -0.800807
3
0.382684 0.533403 -0.754343
0.296884 0.618510 -0.727533
0.480345 0.572985 -0.664046
3
0.568755 0.601533 -0.560960
0.480345 0.572985 -0.664046
0.395449 0.660878 -0.637856
3
0.206534 0.694139 -0.689575
0.395449 0.660878 -0.637856
0.296884 0.618510 -0.727533
3
0.296884 0.618510 -0.727533
0.395449 0.660878 -0.637856
0.480345 0.572985 -0.664046
3
0.398114 0.760668 -0.512727
0.305098 0.734078 -0.606667
0.203303 0.811897 -0.547258
3
0.000000 0.829214 -0.558931
0.203303 0.811897 -0.547258
0.104288 0.769211 -0.630428
3
0.206534 0.694139 -0.689575
0.104288 0.769211 -0.630428
0.305098 0.734078 -0.606667
3
0.305098 0.734078 -0.606667
0.104288 0.769211 -0.630428
0.203303 0.811897 -0.547258
3
-0.398114 0.760668 -0.512727
-0.203303 0.811897 -0.547258
-0.305098 0.734078 -0.606667
3
-0.206534 0.694139 -0.689575
-0.305098 0.734078 -0.606667
-0.104288 0.769211 -0.630428
3
0.000000 0.829214 -0.558931
-0.104288 0.769211 -0.630428
-0.203303 0.811897 -0.547258
3
-0.203303 0.811897 -0.547258
-0.104288 0.769211 -0.630428
-0.305098 0.734078 -0.606667
3
0.000000 0.577352 -0.816495
-0.104214 0.641579 -0.759945
0.104214 0.641579 -0.759945
3
0.206534 0.694139 -0.689575
0.104214 0.641579 -0.759945
0.000000 0.709435 -0.704771
3
-0.206534 0.694139 -0.689575
0.000000 0.709435 -0.704771
-0.104214 0.641579 -0.759945
3
-0.104214 0.641579 -0.759945
0.000000 0.709435 -0.704771
0.104214 0.641579 -0.759945
3
0.206534 0.694139 -0.689575
0.000000 0.709435 -0.704771
0.104288 0.769211 -0.630428
3
0.000000 0.829214 -0.558931
0.104288 0.769211 -0.630428
-0.104288 0.769211 -0.630428
3
-0.206534 0.694139 -0.689575
-0.104288 0.769211 -0.630428
0.000000 0.709435 -0.704771
3
0.000000 0.709435 -0.704771
-0.104288 0.769211 -0.630428
0.104288 0.769211 -0.630428
3
-0.816497 -0.471405 -0.333333
-0.845072 -0.368772 -0.387118
-0.741902 -0.547468 -0.387118
3
-0.656740 -0.615734 -0.435389
-0.741902 -0.547468 -0.387118
-0.775628 -0.447809 -0.444824
3
-0.861612 -0.260887 -0.435389
-0.775628 -0.447809 -0.444824
-0.845072 -0.368772 -0.387118
3
-0.845072 -0.368772 -0.387118
-0.775628 -0.447809 -0.444824
-0.741902 -0.547468 -0.387118
3
-0.459701 -0.725110 -0.512729
-0.562224 -0.675231 -0.477459
-0.601472 -0.582013 -0.547259
3
-0.718120 -0.414607 -0.558932
-0.601472 -0.582013 -0.547259
-0.692599 -0.519044 -0.500899
3
-0.656740 -0.615734 -0.435389
-0.692599 -0.519044 -0.500899
-0.562224 -0.675231 -0.477459
3
-0.562224 -0.675231 -0.477459
-0.692599 -0.519044 -0.500899
-0.601472 -0.582013 -0.547259
3
-0.857814 -0.035558 -0.512728
-0.804774 -0.229883 -0.547259
-0.865879 -0.149285 -0.477459
3
-0.861612 -0.260887 -0.435389
-0.865879 -0.149285 -0.477459
-0.795805 -0.340286 -0.500899
3
-0.718120 -0.414607 -0.558932
-0.795805 -0.340286 -0.500899
-0.804774 -0.229883 -0.547259
3
-0.804774 -0.229883 -0.547259
-0.795805 -0.340286 -0.500899
-0.865879 -0.149285 -0.477459
3
-0.861612 -0.260887 -0.435389
-0.795805 -0.340286 -0.500899
-0.775628 -0.447809 -0.444824
3
-0.656740 -0.615734 -0.435389
-0.775628 -0.447809 -0.444824
-0.692599 -0.519044 -0.500899
3
-0.718120 -0.414607 -0.558932
-0.692599 -0.519044 -0.500899
-0.795805 -0.340286 -0.500899
3
-0.795805 -0.340286 -0.500899
-0.692599 -0.519044 -0.500899
-0.775628 -0.447809 -0.444824
3
0.000000 -0.816497 -0.577349
-0.119131 -0.810683 -0.573238
-0.137950 -0.721163 -0.678891
3
-0.270599 -0.598115 -0.754344
-0.137950 -0.721163 -0.678891
-0.256048 -0.702483 -0.664047
3
-0.236565 -0.793321 -0.560962
-0.256048 -0.702483 -0.664047
-0.119131 -0.810683 -0.573238
3
-0.119131 -0.810683 -0.573238
-0.256048 -0.702483 -0.664047
-0.137950 -0.721163 -0.678891
3
-0.500002 -0.288676 -0.816495
-0.392849 -0.452082 -0.800807
-0.503516 -0.411041 -0.759945
3
-0.497875 -0.525932 -0.689576
-0.503516 -0.411041 -0.759945
-0.387204 -0.566363 -0.727534
3
-0.270599 -0.598115 -0.754344
-0.387204 -0.566363 -0.727534
-0.392849 -0.452082 -0.800807
3
-0.392849 -0.452082 -0.800807
-0.387204 -0.566363 -0.727534
-0.503516 -0.411041 -0.759945
3
-0.459701 -0.725110 -0.512729
-0.483181 -0.631260 -0.606668
-0.350630 -0.764661 -0.540696
3
-0.236565 -0.793321 -0.560962
-0.350630 -0.764661 -0.540696
-0.374613 -0.672907 -0.637857
3
-0.497875 -0.525932 -0.689576
-0.374613 -0.672907 -0.637857
-0.483181 -0.631260 -0.606668
3
-0.483181 -0.631260 -0.606668
-0.374613 -0.672907 -0.637857
-0.350630 -0.764661 -0.540696
3
-0.236565 -0.793321 -0.560962
-0.374613 -0.672907 -0.637857
-0.256048 -0.702483 -0.664047
3
-0.270599 -0.598115 -0.754344
-0.256048 -0.702483 -0.664047
-0.387204 -0.566363 -0.727534
3
-0.497875 -0.525932 -0.689576
-0.387204 -0.566363 -0.727534
-0.374613 -0.672907 -0.637857
3
-0.374613 -0.672907 -0.637857
-0.387204 -0.566363 -0.727534
-0.256048 -0.702483 -0.664047
3
-0.707108 0.408249 -0.577348
-0.693522 0.241113 -0.678890
-0.761638 0.302171 -0.573237
3
-0.805320 0.191789 -0.560961
-0.761638 0.302171 -0.573237
-0.736392 0.129498 -0.664046
3
-0.653283 0.064712 -0.754343
-0.736392 0.129498 -0.664046
-0.693522 0.241113 -0.678890
3
-0.693522 0.241113 -0.678890
-0.736392 0.129498 -0.664046
-0.761638 0.302171 -0.573237
3
-0.857814 -0.035558 -0.512728
-0.837532 0.078676 -0.540695
-0.788279 -0.102817 -0.606668
3
-0.704409 -0.168206 -0.689576
-0.788279 -0.102817 -0.606668
-0.770062 0.012029 -0.637856
3
-0.805320 0.191789 -0.560961
-0.770062 0.012029 -0.637856
-0.837532 0.078676 -0.540695
3
-0.837532 0.078676 -0.540695
-0.770062 0.012029 -0.637856
-0.788279 -0.102817 -0.606668
3
-0.500002 -0.288676 -0.816495
-0.607731 -0.230537 -0.759945
-0.587940 -0.114175 -0.800806
3
-0.653283 0.064712 -0.754343
-0.587940 -0.114175 -0.800806
-0.684088 -0.052146 -0.727533
3
-0.704409 -0.168206 -0.689576
-0.684088 -0.052146 -0.727533
-0.607731 -0.230537 -0.759945
3
-0.607731 -0.230537 -0.759945
-0.684088 -0.052146 -0.727533
-0.587940 -0.114175 -0.800806
3
-0.653283 0.064712 -0.754343
-0.684088 -0.052146 -0.727533
-0.736392 0.129498 -0.664046
3
-0.805320 0.191789 -0.560961
-0.736392 0.129498 -0.664046
-0.770062 0.012029 -0.637856
3
-0.704409 -0.168206 -0.689576
-0.770062 0.012029 -0.637856
-0.684088 -0.052146 -0.727533
3
-0.684088 -0.052146 -0.727533
-0.770062 0.012029 -0.637856
-0.736392 0.129498 -0.664046
3
-0.857814 -0.035558 -0.512728
-0.788279 -0.102817 -0.606668
-0.804774 -0.229883 -0.547259
3
-0.718120 -0.414607 -0.558932
-0.804774 -0.229883 -0.547259
-0.718300 -0.294289 -0.630428
3
-0.704409 -0.168206 -0.689576
-0.718300 -0.294289 -0.630428
-0.788279 -0.102817 -0.606668
3
-0.788279 -0.102817 -0.606668
-0.718300 -0.294289 -0.630428
-0.804774 -0.229883 -0.547259
3
-0.459701 -0.725110 -0.512729
-0.601472 -0.582013 -0.547259
-0.483181 -0.631260 -0.606668
3
-0.497875 -0.525932 -0.689576
-0.483181 -0.631260 -0.606668
-0.614011 -0.474921 -0.630428
3
-0.718120 -0.414607 -0.558932
-0.614011 -0.474921 -0.630428
-0.601472 -0.582013 -0.547259
3
-0.601472 -0.582013 -0.547259
-0.614011 -0.474921 -0.630428
-0.483181 -0.631260 -0.606668
3
-0.500002 -0.288676 -0.816495
-0.503516 -0.411041 -0.759945
-0.607731 -0.230537 -0.759945
3
-0.704409 -0.168206 -0.689576
-0.607731 -0.230537 -0.759945
-0.614389 -0.354717 -0.704771
3
-0.497875 -0.525932 -0.689576
-0.614389 -0.354717 -0.704771
-0.503516 -0.411041 -0.759945
3
-0.503516 -0.411041 -0.759945
-0.614389 -0.354717 -0.704771
-0.607731 -0.230537 -0.759945
3
-0.704409 -0.168206 -0.689576
-0.614389 -0.354717 -0.704771
-0.718300 -0.294289 -0.630428
3
-0.718120 -0.414607 -0.558932
-0.718300 -0.294289 -0.630428
-0.614011 -0.474921 -0.630428
3
-0.497875 -0.525932 -0.689576
-0.614011 -0.474921 -0.630428
-0.614389 -0.354717 -0.704771
3
-0.614389 -0.354717 -0.704771
-0.614011 -0.474921 -0.630428
-0.718300 -0.294289 -0.630428
3
0.000000 -0.816497 -0.577349
-0.137950 -0.721163 -0.678891
0.137950 -0.721163 -0.678891
3
0.270599 -0.598115 -0.754344
0.137950 -0.721163 -0.678891
0.000000 -0.621294 -0.783577
3
-0.270599 -0.598115 -0.754344
0.000000 -0.621294 -0.783577
-0.137950 -0.721163 -0.678891
3
-0.137950 -0.721163 -0.678891
0.000000 -0.621294 -0.783577
0.137950 -0.721163 -0.678891
3
0.500002 -0.288676 -0.816495
0.392849 -0.452082 -0.800807
0.258820 -0.321976 -0.910683
3
0.000000 -0.333334 -0.942809
0.258820 -0.321976 -0.910683
0.138430 -0.476500 -0.868208
3
0.270599 -0.598115 -0.754344
0.138430 -0.476500 -0.868208
0.392849 -0.452082 -0.800807
3
0.392849 -0.452082 -0.800807
0.138430 -0.476500 -0.868208
0.258820 -0.321976 -0.910683
3
-0.500002 -0.288676 -0.816495
-0.258820 -0.321976 -0.910683
-0.392849 -0.452082 -0.800807
3
-0.270599 -0.598115 -0.754344
-0.392849 -0.452082 -0.800807
-0.138430 -0.476500 -0.868208
3
0.000000 -0.333334 -0.942809
-0.138430 -0.476500 -0.868208
-0.258820 -0.321976 -0.910683
3
-0.258820 -0.321976 -0.910683
-0.138430 -0.476500 -0.868208
-0.392849 -0.452082 -0.800807
3
-0.270599 -0.598115 -0.754344
-0.138430 -0.476500 -0.868208
0.000000 -0.621294 -0.783577
3
0.270599 -0.598115 -0.754344
0.000000 -0.621294 -0.783577
0.138430 -0.476500 -0.868208
3
0.000000 -0.333334 -0.942809
0.138430 -0.476500 -0.868208
-0.138430 -0.476500 -0.868208
3
-0.138430 -0.476500 -0.868208
0.138430 -0.476500 -0.868208
0.000000 -0.621294 -0.783577
3
0.707108 0.408249 -0.577348
0.693522 0.241113 -0.678890
0.555572 0.480050 -0.678890
3
0.382684 0.533403 -0.754343
0.555572 0.480050 -0.678890
0.538058 0.310647 -0.783576
3
0.653283 0.064712 -0.754343
0.538058 0.310647 -0.783576
0.693522 0.241113 -0.678890
3
0.693522 0.241113 -0.678890
0.538058 0.310647 -0.783576
0.555572 0.480050 -0.678890
3
0.000000 0.577352 -0.816495
0.195091 0.566258 -0.800807
0.149430 0.385133 -0.910683
3
0.288676 0.166667 -0.942809
0.149430 0.385133 -0.910683
0.343446 0.358134 -0.868208
3
0.382684 0.533403 -0.754343
0.343446 0.358134 -0.868208
0.195091 0.566258 -0.800807
3
0.195091 0.566258 -0.800807
0.343446 0.358134 -0.868208
0.149430 0.385133 -0.910683
3
0.500002 -0.288676 -0.816495
0.408250 -0.063156 -0.910683
0.587940 -0.114175 -0.800806
3
0.653283 0.064712 -0.754343
0.587940 -0.114175 -0.800806
0.481876 0.118366 -0.868208
3
0.288676 0.166667 -0.942809
0.481876 0.118366 -0.868208
0.408250 -0.063156 -0.910683
3
0.408250 -0.063156 -0.910683
0.481876 0.118366 -0.868208
0.587940 -0.114175 -0.800806
3
0.653283 0.064712 -0.754343
0.481876 0.118366 -0.868208
0.538058 0.310647 -0.783576
3
0.382684 0.533403 -0.754343
0.538058 0.310647 -0.783576
0.343446 0.358134 -0.868208
3
0.288676 0.166667 -0.942809
0.343446 0.358134 -0.868208
0.481876 0.118366 -0.868208
3
0.481876 0.118366 -0.868208
0.343446 0.358134 -0.868208
0.538058 0.310647 -0.783576
3
-0.707108 0.408249 -0.577348
-0.555572 0.480050 -0.678890
-0.693522 0.241113 -0.678890
3
-0.653283 0.064712 -0.754343
-0.693522 0.241113 -0.678890
-0.538058 0.310647 -0.783576
3
-0.382684 0.533403 -0.754343
-0.538058 0.310647 -0.783576
-0.555572 0.480050 -0.678890
3
-0.555572 0.480050 -0.678890
-0.538058 0.310647 -0.783576
-0.693522 0.241113 -0.678890
3
-0.500002 -0.288676 -0.816495
-0.587940 -0.114175 -0.800806
-0.408250 -0.063156 -0.910683
3
-0.288676 0.166667 -0.942809
-0.408250 -0.063156 -0.910683
-0.481876 0.118366 -0.868208
3
-0.653283 0.064712 -0.754343
-0.481876 0.118366 -0.868208
-0.587940 -0.114175 -0.800806
3
-0.587940 -0.114175 -0.800806
-0.481876 0.118366 -0.868208
-0.408250 -0.063156 -0.910683
3
0.000000 0.577352 -0.816495
-0.149430 0.385133 -0.910683
-0.195091 0.566258 -0.800807
3
-0.382684 0.533403 -0.754343
-0.195091 0.566258 -0.800807
-0.343446 0.358134 -0.868208
3
-0.288676 0.166667 -0.942809
-0.343446 0.358134 -0.868208
-0.149430 0.385133 -0.910683
3
-0.149430 0.385133 -0.910683
-0.343446 0.358134 -0.868208
-0.195091 0.566258 -0.800807
3
-0.382684 0.533403 -0.754343
-0.343446 0.358134 -0.868208
-0.538058 0.310647 -0.783576
3
-0.653283 0.064712 -0.754343
-0.538058 0.310647 -0.783576
-0.481876 0.118366 -0.868208
3
-0.288676 0.166667 -0.942809
-0.481876 0.118366 -0.868208
-0.343446 0.358134 -0.868208
3
-0.343446 0.358134 -0.868208
-0.481876 0.118366 -0.868208
-0.538058 0.310647 -0.783576
3
-0.500002 -0.288676 -0.816495
-0.408250 -0.063156 -0.910683
-0.258820 -0.321976 -0.910683
3
0.000000 -0.333334 -0.942809
-0.258820 -0.321976 -0.910683
-0.150756 -0.087039 -0.984732
3
-0.288676 0.166667 -0.942809
-0.150756 -0.087039 -0.984732
-0.408250 -0.063156 -0.910683
3
-0.408250 -0.063156 -0.910683
-0.150756 -0.087039 -0.984732
-0.258820 -0.321976 -0.910683
3
0.500002 -0.288676 -0.816495
0.258820 -0.321976 -0.910683
0.408250 -0.063156 -0.910683
3
0.288676 0.166667 -0.942809
0.408250 -0.063156 -0.910683
0.150756 -0.087039 -0.984732
3
0.000000 -0.333334 -0.942809
0.150756 -0.087039 -0.984732
0.258820 -0.321976 -0.910683
3
0.258820 -0.321976 -0.910683
0.150756 -0.087039 -0.984732
0.408250 -0.063156 -0.910683
3
0.000000 0.577352 -0.816495
0.149430 0.385133 -0.910683
-0.149430 0.385133 -0.910683
3
-0.288676 0.166667 -0.942809
-0.149430 0.385133 -0.910683
0.000000 0.174079 -0.984732
3
0.288676 0.166667 -0.942809
0.000000 0.174079 -0.984732
0.149430 0.385133 -0.910683
3
0.149430 0.385133 -0.910683
0.000000 0.174079 -0.984732
-0.149430 0.385133 -0.910683
3
-0.288676 0.166667 -0.942809
0.000000 0.174079 -0.984732
-0.150756 -0.087039 -0.984732
3
0.000000 -0.333334 -0.942809
-0.150756 -0.087039 -0.984732
0.150756 -0.087039 -0.984732
3
0.288676 0.166667 -0.942809
0.150756 -0.087039 -0.984732
0.000000 0.174079 -0.984732
3
0.000000 0.174079 -0.984732
0.150756 -0.087039 -0.984732
-0.150756 -0.087039 -0.984732
3
0.000000 0.000000 1.000000
0.103170 -0.059566 0.992879
0.000000 0.119131 0.992879
3
0.000000 0.236565 0.971616
0.000000 0.119131 0.992879
0.104656 0.060423 0.992671
3
0.204871 -0.118283 0.971616
0.104656 0.060423 0.992671
0.103170 -0.059566 0.992879
3
0.103170 -0.059566 0.992879
0.104656 0.060423 0.992671
0.000000 0.119131 0.992879
3
0.000000 0.459700 0.888074
0.000000 0.350629 0.936514
0.110811 0.298729 0.947883
3
0.216994 0.125281 0.968100
0.110811 0.298729 0.947883
0.109313 0.182283 0.977151
3
0.000000 0.236565 0.971616
0.109313 0.182283 0.977151
0.000000 0.350629 0.936514
3
0.000000 0.350629 0.936514
0.109313 0.182283 0.977151
0.110811 0.298729 0.947883
3
0.398113 -0.229851 0.888074
0.314113 -0.053400 0.947883
0.303654 -0.175315 0.936514
3
0.204871 -0.118283 0.971616
0.303654 -0.175315 0.936514
0.212519 0.003525 0.977151
3
0.216994 0.125281 0.968100
0.212519 0.003525 0.977151
0.314113 -0.053400 0.947883
3
0.314113 -0.053400 0.947883
0.212519 0.003525 0.977151
0.303654 -0.175315 0.936514
3
0.204871 -0.118283 0.971616
0.212519 0.003525 0.977151
0.104656 0.060423 0.992671
3
0.000000 0.236565 0.971616
0.104656 0.060423 0.992671
0.109313 0.182283 0.977151
3
0.216994 0.125281 0.968100
0.109313 0.182283 0.977151
0.212519 0.003525 0.977151
3
0.212519 0.003525 0.977151
0.109313 0.182283 0.977151
0.104656 0.060423 0.992671
3
0.000000 0.816495 0.577352
0.000000 0.741900 0.670510
0.137950 0.721161 0.678894
3
0.270598 0.598113 0.754346
0.137950 0.721161 0.678894
0.136614 0.633526 0.761565
3
0.000000 0.656739 0.754118
0.136614 0.633526 0.761565
0.000000 0.741900 0.670510
3
0.000000 0.741900 0.670510
0.136614 0.633526 0.761565
0.137950 0.721161 0.678894
3
0.500000 0.288674 0.816497
0.392847 0.452080 0.800809
0.383179 0.341563 0.858201
3
0.259390 0.388242 0.884299
0.383179 0.341563 0.858201
0.267040 0.496985 0.825648
3
0.270598 0.598113 0.754346
0.267040 0.496985 0.825648
0.392847 0.452080 0.800809
3
0.392847 0.452080 0.800809
0.267040 0.496985 0.825648
0.383179 0.341563 0.858201
3
0.000000 0.459700 0.888074
0.130885 0.427861 0.894318
0.000000 0.562223 0.826986
3
0.000000 0.656739 0.754118
0.000000 0.562223 0.826986
0.132306 0.533009 0.835701
3
0.259390 0.388242 0.884299
0.132306 0.533009 0.835701
0.130885 0.427861 0.894318
3
0.130885 0.427861 0.894318
0.132306 0.533009 0.835701
0.000000 0.562223 0.826986
3
0.000000 0.656739 0.754118
0.132306 0.533009 0.835701
0.136614 0.633526 0.761565
3
0.270598 0.598113 0.754346
0.136614 0.633526 0.761565
0.267040 0.496985 0.825648
3
0.259390 0.388242 0.884299
0.267040 0.496985 0.825648
0.132306 0.533009 0.835701
3
0.132306 0.533009 0.835701
0.267040 0.496985 0.825648
0.136614 0.633526 0.761565
3
0.707107 -0.408248 0.577350
0.693520 -0.241114 0.678892
0.642506 -0.370951 0.670509
3
0.568753 -0.328370 0.754117
0.642506 -0.370951 0.670509
0.616958 -0.198453 0.761564
3
0.653281 -0.064713 0.754345
0.616958 -0.198453 0.761564
0.693520 -0.241114 0.678892
3
0.693520 -0.241114 0.678892
0.616958 -0.198453 0.761564
0.642506 -0.370951 0.670509
3
0.398113 -0.229851 0.888074
0.486900 -0.281112 0.826985
0.435982 -0.100581 0.894317
3
0.465923 0.030516 0.884299
0.435982 -0.100581 0.894317
0.527753 -0.151925 0.835700
3
0.568753 -0.328370 0.754117
0.527753 -0.151925 0.835700
0.486900 -0.281112 0.826985
3
0.486900 -0.281112 0.826985
0.527753 -0.151925 0.835700
0.435982 -0.100581 0.894317
3
0.500000 0.288674 0.816497
0.487393 0.161059 0.858201
0.587937 0.114174 0.800808
3
0.653281 -0.064713 0.754345
0.587937 0.114174 0.800808
0.563923 -0.017230 0.825648
3
0.465923 0.030516 0.884299
0.563923 -0.017230 0.825648
0.487393 0.161059 0.858201
3
0.487393 0.161059 0.858201
0.563923 -0.017230 0.825648
0.587937 0.114174 0.800808
3
0.653281 -0.064713 0.754345
0.563923 -0.017230 0.825648
0.616958 -0.198453 0.761564
3
0.568753 -0.328370 0.754117
0.616958 -0.198453 0.761564
0.527753 -0.151925 0.835700
3
0.465923 0.030516 0.884299
0.527753 -0.151925 0.835700
0.563923 -0.017230 0.825648
3
0.563923 -0.017230 0.825648
0.527753 -0.151925 0.835700
0.616958 -0.198453 0.761564
3
0.398113 -0.229851 0.888074
0.435982 -0.100581 0.894317
0.314113 -0.053400 0.947883
3
0.216994 0.125281 0.968100
0.314113 -0.053400 0.947883
0.344836 0.078669 0.935361
3
0.465923 0.030516 0.884299
0.344836 0.078669 0.935361
0.435982 -0.100581 0.894317
3
0.435982 -0.100581 0.894317
0.344836 0.078669 0.935361
0.314113 -0.053400 0.947883
3
0.000000 0.459700 0.888074
0.110811 0.298729 0.947883
0.130885 0.427861 0.894318
3
0.259390 0.388242 0.884299
0.130885 0.427861 0.894318
0.240548 0.259301 0.935361
3
0.216994 0.125281 0.968100
0.240548 0.259301 0.935361
0.110811 0.298729 0.947883
3
0.110811 0.298729 0.947883
0.240548 0.259301 0.935361
0.130885 0.427861 0.894318
3
0.500000 0.288674 0.816497
0.383179 0.341563 0.858201
0.487393 0.161059 0.858201
3
0.465923 0.030516 0.884299
0.487393 0.161059 0.858201
0.370648 0.213993 0.903785
3
0.259390 0.388242 0.884299
0.370648 0.213993 0.903785
0.383179 0.341563 0.858201
3
0.383179 0.341563 0.858201
0.370648 0.213993 0.903785
0.487393 0.161059 0.858201
3
0.465923 0.030516 0.884299
0.370648 0.213993 0.903785
0.344836 0.078669 0.935361
3
0.216994 0.125281 0.968100
0.344836 0.078669 0.935361
0.240548 0.259301 0.935361
3
0.259390 0.388242 0.884299
0.240548 0.259301 0.935361
0.370648 0.213993 0.903785
3
0.370648 0.213993 0.903785
0.240548 0.259301 0.935361
0.344836 0.078669 0.935361
3
0.000000 0.942809 -0.333330
0.000000 0.975806 -0.218639
0.103171 0.916241 -0.387116
3
0.204872 0.876622 -0.435387
0.103171 0.916241 -0.387116
0.104656 0.956041 -0.273920
3
0.000000 0.994903 -0.100833
0.104656 0.956041 -0.273920
0.000000 0.975806 -0.218639
3
0.000000 0.975806 -0.218639
0.104656 0.956041 -0.273920
0.103171 0.916241 -0.387116
3
0.398114 0.760668 -0.512727
0.303656 0.824517 -0.477457
0.314114 0.875873 -0.366304
3
0.216995 0.954495 -0.204581
0.314114 0.875873 -0.366304
0.212520 0.922442 -0.322390
3
0.204872 0.876622 -0.435387
0.212520 0.922442 -0.322390
0.303656 0.824517 -0.477457
3
0.303656 0.824517 -0.477457
0.212520 0.922442 -0.322390
0.314114 0.875873 -0.366304
3
0.000000 0.990517 0.137389
0.110811 0.993249 -0.034313
0.000000 0.999831 0.018409
3
0.000000 0.994903 -0.100833
0.000000 0.999831 0.018409
0.109313 0.982028 -0.153855
3
0.216995 0.954495 -0.204581
0.109313 0.982028 -0.153855
0.110811 0.993249 -0.034313
3
0.110811 0.993249 -0.034313
0.109313 0.982028 -0.153855
0.000000 0.999831 0.018409
3
0.000000 0.994903 -0.100833
0.109313 0.982028 -0.153855
0.104656 0.956041 -0.273920
3
0.204872 0.876622 -0.435387
0.104656 0.956041 -0.273920
0.212520 0.922442 -0.322390
3
0.216995 0.954495 -0.204581
0.212520 0.922442 -0.322390
0.109313 0.982028 -0.153855
3
0.109313 0.982028 -0.153855
0.212520 0.922442 -0.322390
0.104656 0.956041 -0.273920
3
0.707108 0.408249 -0.577348
0.642507 0.508512 -0.573236
0.693522 0.559695 -0.453619
3
0.653283 0.689632 -0.312457
0.693522 0.559695 -0.453619
0.616960 0.651859 -0.440954
3
0.568755 0.601533 -0.560960
0.616960 0.651859 -0.440954
0.642507 0.508512 -0.573236
3
0.642507 0.508512 -0.573236
0.616960 0.651859 -0.440954
0.693522 0.559695 -0.453619
3
0.500001 0.866025 0.000003
0.587939 0.793067 -0.159288
0.487394 0.862805 -0.134215
3
0.465925 0.843897 -0.265992
0.487394 0.862805 -0.134215
0.563925 0.772685 -0.291457
3
0.653283 0.689632 -0.312457
0.563925 0.772685 -0.291457
0.587939 0.793067 -0.159288
3
0.587939 0.793067 -0.159288
0.563925 0.772685 -0.291457
0.487394 0.862805 -0.134215
3
0.398114 0.760668 -0.512727
0.435983 0.809644 -0.392932
0.486902 0.685986 -0.540694
3
0.568755 0.601533 -0.560960
0.486902 0.685986 -0.540694
0.527755 0.737265 -0.421800
3
0.465925 0.843897 -0.265992
0.527755 0.737265 -0.421800
0.435983 0.809644 -0.392932
3
0.435983 0.809644 -0.392932
0.527755 0.737265 -0.421800
0.486902 0.685986 -0.540694
3
0.568755 0.601533 -0.560960
0.527755 0.737265 -0.421800
0.616960 0.651859 -0.440954
3
0.653283 0.689632 -0.312457
0.616960 0.651859 -0.440954
0.563925 0.772685 -0.291457
3
0.465925 0.843897 -0.265992
0.563925 0.772685 -0.291457
0.527755 0.737265 -0.421800
3
0.527755 0.737265 -0.421800
0.563925 0.772685 -0.291457
0.616960 0.651859 -0.440954
3
0.000000 0.816495 0.577352
0.137950 0.880452 0.453624
0.000000 0.879461 0.475971
3
0.000000 0.929901 0.367810
0.000000 0.879461 0.475971
0.136615 0.929184 0.343443
3
0.270599 0.910573 0.312462
0.136615 0.929184 0.343443
0.137950 0.880452 0.453624
3
0.137950 0.880452 0.453624
0.136615 0.929184 0.343443
0.000000 0.879461 0.475971
3
0.000000 0.990517 0.137389
0.000000 0.967096 0.254411
0.130886 0.985791 0.105290
3
0.259391 0.963139 0.071276
0.130886 0.985791 0.105290
0.132307 0.965575 0.223963
3
0.000000 0.929901 0.367810
0.132307 0.965575 0.223963
0.000000 0.967096 0.254411
3
0.000000 0.967096 0.254411
0.132307 0.965575 0.223963
0.130886 0.985791 0.105290
3
0.500001 0.866025 0.000003
0.383180 0.922973 0.035966
0.392848 0.905702 0.159293
3
0.270599 0.910573 0.312462
0.392848 0.905702 0.159293
0.267041 0.944089 0.193351
3
0.259391 0.963139 0.071276
0.267041 0.944089 0.193351
0.383180 0.922973 0.035966
3
0.383180 0.922973 0.035966
0.267041 0.944089 0.193351
0.392848 0.905702 0.159293
3
0.270599 0.910573 0.312462
0.267041 0.944089 0.193351
0.136615 0.929184 0.343443
3
0.000000 0.929901 0.367810
0.136615 0.929184 0.343443
0.132307 0.965575 0.223963
3
0.259391 0.963139 0.071276
0.132307 0.965575 0.223963
0.267041 0.944089 0.193351
3
0.267041 0.944089 0.193351
0.132307 0.965575 0.223963
0.136615 0.929184 0.343443
3
0.000000 0.990517 0.137389
0.130886 0.985791 0.105290
0.110811 0.993249 -0.034313
3
0.216995 0.954495 -0.204581
0.110811 0.993249 -0.034313
0.240549 0.968300 -0.067312
3
0.259391 0.963139 0.071276
0.240549 0.968300 -0.067312
0.130886 0.985791 0.105290
3
0.130886 0.985791 0.105290
0.240549 0.968300 -0.067312
0.110811 0.993249 -0.034313
3
0.398114 0.760668 -0.512727
0.314114 0.875873 -0.366304
0.435983 0.809644 -0.392932
3
0.465925 0.843897 -0.265992
0.435983 0.809644 -0.392932
0.344837 0.908090 -0.237613
3
0.216995 0.954495 -0.204581
0.344837 0.908090 -0.237613
0.314114 0.875873 -0.366304
3
0.314114 0.875873 -0.366304
0.344837 0.908090 -0.237613
0.435983 0.809644 -0.392932
3
0.500001 0.866025 0.000003
0.487394 0.862805 -0.134215
0.383180 0.922973 0.035966
3
0.259391 0.963139 0.071276
0.383180 0.922973 0.035966
0.370649 0.923427 -0.099503
3
0.465925 0.843897 -0.265992
0.370649 0.923427 -0.099503
0.487394 0.862805 -0.134215
3
0.487394 0.862805 -0.134215
0.370649 0.923427 -0.099503
0.383180 0.922973 0.035966
3
0.259391 0.963139 0.071276
0.370649 0.923427 -0.099503
0.240549 0.968300 -0.067312
3
0.216995 0.954495 -0.204581
0.240549 0.968300 -0.067312
0.344837 0.908090 -0.237613
3
0.465925 0.843897 -0.265992
0.344837 0.908090 -0.237613
0.370649 0.923427 -0.099503
3
0.370649 0.923427 -0.099503
0.344837 0.908090 -0.237613
0.240549 0.968300 -0.067312
3
0.816497 -0.471405 -0.333333
0.845072 -0.368772 -0.387118
0.845072 -0.487903 -0.218641
3
0.861611 -0.497452 -0.100836
0.845072 -0.487903 -0.218641
0.880283 -0.387386 -0.273922
3
0.861612 -0.260887 -0.435389
0.880283 -0.387386 -0.273922
0.845072 -0.368772 -0.387118
3
0.845072 -0.368772 -0.387118
0.880283 -0.387386 -0.273922
0.845072 -0.487903 -0.218641
3
0.857813 -0.495259 0.137386
0.865879 -0.499915 0.018406
0.915584 -0.400659 -0.034315
3
0.935113 -0.289325 -0.204583
0.915584 -0.400659 -0.034315
0.905117 -0.396346 -0.153858
3
0.861611 -0.497452 -0.100836
0.905117 -0.396346 -0.153858
0.865879 -0.499915 0.018406
3
0.865879 -0.499915 0.018406
0.905117 -0.396346 -0.153858
0.915584 -0.400659 -0.034315
3
0.857814 -0.035558 -0.512728
0.915585 -0.165906 -0.366305
0.865879 -0.149285 -0.477459
3
0.861612 -0.260887 -0.435389
0.865879 -0.149285 -0.477459
0.905118 -0.277174 -0.322392
3
0.935113 -0.289325 -0.204583
0.905118 -0.277174 -0.322392
0.915585 -0.165906 -0.366305
3
0.915585 -0.165906 -0.366305
0.905118 -0.277174 -0.322392
0.865879 -0.149285 -0.477459
3
0.861612 -0.260887 -0.435389
0.905118 -0.277174 -0.322392
0.880283 -0.387386 -0.273922
3
0.861611 -0.497452 -0.100836
0.880283 -0.387386 -0.273922
0.905117 -0.396346 -0.153858
3
0.935113 -0.289325 -0.204583
0.905117 -0.396346 -0.153858
0.905118 -0.277174 -0.322392
3
0.905118 -0.277174 -0.322392
0.905117 -0.396346 -0.153858
0.880283 -0.387386 -0.273922
3
0.707107 -0.408248 0.577350
0.761637 -0.439731 0.475969
0.831469 -0.320759 0.453621
3
0.923879 -0.220942 0.312460
0.831469 -0.320759 0.453621
0.873005 -0.346281 0.343441
3
0.805319 -0.464951 0.367808
0.873005 -0.346281 0.343441
0.761637 -0.439731 0.475969
3
0.761637 -0.439731 0.475969
0.873005 -0.346281 0.343441
0.831469 -0.320759 0.453621
3
1.000000 0.000000 0.000001
0.980785 -0.112635 0.159292
0.990908 -0.129644 0.035965
3
0.963798 -0.256931 0.071274
0.990908 -0.129644 0.035965
0.951126 -0.240781 0.193348
3
0.923879 -0.220942 0.312460
0.951126 -0.240781 0.193348
0.980785 -0.112635 0.159292
3
0.980785 -0.112635 0.159292
0.951126 -0.240781 0.193348
0.990908 -0.129644 0.035965
3
0.857813 -0.495259 0.137386
0.919163 -0.379546 0.105287
0.837530 -0.483549 0.254408
3
0.805319 -0.464951 0.367808
0.837530 -0.483549 0.254408
0.902366 -0.368207 0.223961
3
0.963798 -0.256931 0.071274
0.902366 -0.368207 0.223961
0.919163 -0.379546 0.105287
3
0.919163 -0.379546 0.105287
0.902366 -0.368207 0.223961
0.837530 -0.483549 0.254408
3
0.805319 -0.464951 0.367808
0.902366 -0.368207 0.223961
0.873005 -0.346281 0.343441
3
0.923879 -0.220942 0.312460
0.873005 -0.346281 0.343441
0.951126 -0.240781 0.193348
3
0.963798 -0.256931 0.071274
0.951126 -0.240781 0.193348
0.902366 -0.368207 0.223961
3
0.902366 -0.368207 0.223961
0.951126 -0.240781 0.193348
0.873005 -0.346281 0.343441
3
0.707108 0.408249 -0.577348
0.831471 0.320759 -0.453619
0.761638 0.302171 -0.573237
3
0.805320 0.191789 -0.560961
0.761638 0.302171 -0.573237
0.873006 0.208372 -0.440955
3
0.923880 0.220942 -0.312458
0.873006 0.208372 -0.440955
0.831471 0.320759 -0.453619
3
0.831471 0.320759 -0.453619
0.873006 0.208372 -0.440955
0.761638 0.302171 -0.573237
3
0.857814 -0.035558 -0.512728
0.837532 0.078676 -0.540695
0.919163 -0.027250 -0.392933
3
0.963798 -0.018447 -0.265993
0.919163 -0.027250 -0.392933
0.902367 0.088416 -0.421801
3
0.805320 0.191789 -0.560961
0.902367 0.088416 -0.421801
0.837532 0.078676 -0.540695
3
0.837532 0.078676 -0.540695
0.902367 0.088416 -0.421801
0.919163 -0.027250 -0.392933
3
1.000000 0.000000 0.000001
0.990908 -0.009308 -0.134216
0.980786 0.112636 -0.159289
3
0.923880 0.220942 -0.312458
0.980786 0.112636 -0.159289
0.951127 0.102030 -0.291458
3
0.963798 -0.018447 -0.265993
0.951127 0.102030 -0.291458
0.990908 -0.009308 -0.134216
3
0.990908 -0.009308 -0.134216
0.951127 0.102030 -0.291458
0.980786 0.112636 -0.159289
3
0.923880 0.220942 -0.312458
0.951127 0.102030 -0.291458
0.873006 0.208372 -0.440955
3
0.805320 0.191789 -0.560961
0.873006 0.208372 -0.440955
0.902367 0.088416 -0.421801
3
0.963798 -0.018447 -0.265993
0.902367 0.088416 -0.421801
0.951127 0.102030 -0.291458
3
0.951127 0.102030 -0.291458
0.902367 0.088416 -0.421801
0.873006 0.208372 -0.440955
3
0.857814 -0.035558 -0.512728
0.919163 -0.027250 -0.392933
0.915585 -0.165906 -0.366305
3
0.935113 -0.289325 -0.204583
0.915585 -0.165906 -0.366305
0.958847 -0.155408 -0.237615
3
0.963798 -0.018447 -0.265993
0.958847 -0.155408 -0.237615
0.919163 -0.027250 -0.392933
3
0.919163 -0.027250 -0.392933
0.958847 -0.155408 -0.237615
0.915585 -0.165906 -0.366305
3
0.857813 -0.495259 0.137386
0.915584 -0.400659 -0.034315
0.919163 -0.379546 0.105287
3
0.963798 -0.256931 0.071274
0.919163 -0.379546 0.105287
0.958847 -0.275829 -0.067314
3
0.935113 -0.289325 -0.204583
0.958847 -0.275829 -0.067314
0.915584 -0.400659 -0.034315
3
0.915584 -0.400659 -0.034315
0.958847 -0.275829 -0.067314
0.919163 -0.379546 0.105287
3
1.000000 0.000000 0.000001
0.990908 -0.129644 0.035965
0.990908 -0.009308 -0.134216
3
0.963798 -0.018447 -0.265993
0.990908 -0.009308 -0.134216
0.985036 -0.140723 -0.099505
3
0.963798 -0.256931 0.071274
0.985036 -0.140723 -0.099505
0.990908 -0.129644 0.035965
3
0.990908 -0.129644 0.035965
0.985036 -0.140723 -0.099505
0.990908 -0.009308 -0.134216
3
0.963798 -0.018447 -0.265993
0.985036 -0.140723 -0.099505
0.958847 -0.155408 -0.237615
3
0.935113 -0.289325 -0.204583
0.958847 -0.155408 -0.237615
0.958847 -0.275829 -0.067314
3
0.963798 -0.256931 0.071274
0.958847 -0.275829 -0.067314
0.985036 -0.140723 -0.099505
3
0.985036 -0.140723 -0.099505
0.958847 -0.275829 -0.067314
0.958847 -0.155408 -0.237615
3
0.707107 -0.408248 0.577350
0.831469 -0.320759 0.453621
0.693520 -0.241114 0.678892
3
0.653281 -0.064713 0.754345
0.693520 -0.241114 0.678892
0.819140 -0.148363 0.554074
3
0.923879 -0.220942 0.312460
0.819140 -0.148363 0.554074
0.831469 -0.320759 0.453621
3
0.831469 -0.320759 0.453621
0.819140 -0.148363 0.554074
0.693520 -0.241114 0.678892
3
0.500000 0.288674 0.816497
0.587937 0.114174 0.800808
0.707106 0.235701 0.666668
3
0.866025 0.166666 0.471406
0.707106 0.235701 0.666668
0.777228 0.052156 0.627054
3
0.653281 -0.064713 0.754345
0.777228 0.052156 0.627054
0.587937 0.114174 0.800808
3
0.587937 0.114174 0.800808
0.777228 0.052156 0.627054
0.707106 0.235701 0.666668
3
1.000000 0.000000 0.000001
0.965926 0.086273 0.244018
0.980785 -0.112635 0.159292
3
0.923879 -0.220942 0.312460
0.980785 -0.112635 0.159292
0.915657 -0.027766 0.401000
3
0.866025 0.166666 0.471406
0.915657 -0.027766 0.401000
0.965926 0.086273 0.244018
3
0.965926 0.086273 0.244018
0.915657 -0.027766 0.401000
0.980785 -0.112635 0.159292
3
0.923879 -0.220942 0.312460
0.915657 -0.027766 0.401000
0.819140 -0.148363 0.554074
3
0.653281 -0.064713 0.754345
0.819140 -0.148363 0.554074
0.777228 0.052156 0.627054
3
0.866025 0.166666 0.471406
0.777228 0.052156 0.627054
0.915657 -0.027766 0.401000
3
0.915657 -0.027766 0.401000
0.777228 0.052156 0.627054
0.819140 -0.148363 0.554074
3
0.000000 0.816495 0.577352
0.137950 0.721161 0.678894
0.137950 0.880452 0.453624
3
0.270599 0.910573 0.312462
0.137950 0.880452 0.453624
0.281085 0.783576 0.554075
3
0.270598 0.598113 0.754346
0.281085 0.783576 0.554075
0.137950 0.721161 0.678894
3
0.137950 0.721161 0.678894
0.281085 0.783576 0.554075
0.137950 0.880452 0.453624
3
0.500001 0.866025 0.000003
0.392848 0.905702 0.159293
0.557678 0.793379 0.244019
3
0.577350 0.666665 0.471406
0.557678 0.793379 0.244019
0.433783 0.806864 0.401002
3
0.270599 0.910573 0.312462
0.433783 0.806864 0.401002
0.392848 0.905702 0.159293
3
0.392848 0.905702 0.159293
0.433783 0.806864 0.401002
0.557678 0.793379 0.244019
3
0.500000 0.288674 0.816497
0.557677 0.494520 0.666668
0.392847 0.452080 0.800809
3
0.270598 0.598113 0.754346
0.392847 0.452080 0.800809
0.433783 0.647020 0.627055
3
0.577350 0.666665 0.471406
0.433783 0.647020 0.627055
0.557677 0.494520 0.666668
3
0.557677 0.494520 0.666668
0.433783 0.647020 0.627055
0.392847 0.452080 0.800809
3
0.270598 0.598113 0.754346
0.433783 0.647020 0.627055
0.281085 0.783576 0.554075
3
0.270599 0.910573 0.312462
0.281085 0.783576 0.554075
0.433783 0.806864 0.401002
3
0.577350 0.666665 0.471406
0.433783 0.806864 0.401002
0.433783 0.647020 0.627055
3
0.433783 0.647020 0.627055
0.433783 0.806864 0.401002
0.281085 0.783576 0.554075
3
0.707108 0.408249 -0.577348
0.693522 0.559695 -0.453619
0.831471 0.320759 -0.453619
3
0.923880 0.220942 -0.312458
0.831471 0.320759 -0.453619
0.819142 0.472931 -0.324566
3
0.653283 0.689632 -0.312457
0.819142 0.472931 -0.324566
0.693522 0.559695 -0.453619
3
0.693522 0.559695 -0.453619
0.819142 0.472931 -0.324566
0.831471 0.320759 -0.453619
3
1.000000 0.000000 0.000001
0.980786 0.112636 -0.159289
0.965926 0.258819 0.000002
3
0.866026 0.499999 0.000003
0.965926 0.258819 0.000002
0.915658 0.368811 -0.159842
3
0.923880 0.220942 -0.312458
0.915658 0.368811 -0.159842
0.980786 0.112636 -0.159289
3
0.980786 0.112636 -0.159289
0.915658 0.368811 -0.159842
0.965926 0.258819 0.000002
3
0.500001 0.866025 0.000003
0.707107 0.707106 0.000003
0.587939 0.793067 -0.159288
3
0.653283 0.689632 -0.312457
0.587939 0.793067 -0.159288
0.777229 0.608577 -0.159842
3
0.866026 0.499999 0.000003
0.777229 0.608577 -0.159842
0.707107 0.707106 0.000003
3
0.707107 0.707106 0.000003
0.777229 0.608577 -0.159842
0.587939 0.793067 -0.159288
3
0.653283 0.689632 -0.312457
0.777229 0.608577 -0.159842
0.819142 0.472931 -0.324566
3
0.923880 0.220942 -0.312458
0.819142 0.472931 -0.324566
0.915658 0.368811 -0.159842
3
0.866026 0.499999 0.000003
0.915658 0.368811 -0.159842
0.777229 0.608577 -0.159842
3
0.777229 0.608577 -0.159842
0.915658 0.368811 -0.159842
0.819142 0.472931 -0.324566
3
1.000000 0.000000 0.000001
0.965926 0.258819 0.000002
0.965926 0.086273 0.244018
3
0.866025 0.166666 0.471406
0.965926 0.086273 0.244018
0.904534 0.348155 0.246185
3
0.866026 0.499999 0.000003
0.904534 0.348155 0.246185
0.965926 0.258819 0.000002
3
0.965926 0.258819 0.000002
0.904534 0.348155 0.246185
0.965926 0.086273 0.244018
3
0.500000 0.288674 0.816497
0.707106 0.235701 0.666668
0.557677 0.494520 0.666668
3
0.577350 0.666665 0.471406
0.557677 0.494520 0.666668
0.753778 0.435193 0.492367
3
0.866025 0.166666 0.471406
0.753778 0.435193 0.492367
0.707106 0.235701 0.666668
3
0.707106 0.235701 0.666668
0.753778 0.435193 0.492367
0.557677 0.494520 0.666668
3
0.500001 0.866025 0.000003
0.557678 0.793379 0.244019
0.707107 0.707106 0.000003
3
0.866026 0.499999 0.000003
0.707107 0.707106 0.000003
0.753779 0.609271 0.246185
3
0.577350 0.666665 0.471406
0.753779 0.609271 0.246185
0.557678 0.793379 0.244019
3
0.557678 0.793379 0.244019
0.753779 0.609271 0.246185
0.707107 0.707106 0.000003
3
0.866026 0.499999 0.000003
0.753779 0.609271 0.246185
0.904534 0.348155 0.246185
3
0.866025 0.166666 0.471406
0.904534 0.348155 0.246185
0.753778 0.435193 0.492367
3
0.577350 0.666665 0.471406
0.753778 0.435193 0.492367
0.753779 0.609271 0.246185
3
0.753779 0.609271 0.246185
0.753778 0.435193 0.492367
0.904534 0.348155 0.246185
3
0.000000 0.000000 1.000000
-0.103170 -0.059566 0.992879
0.103170 -0.059566 0.992879
3
0.204871 -0.118283 0.971616
0.103170 -0.059566 0.992879
0.000000 -0.120846 0.992671
3
-0.204871 -0.118283 0.971616
0.000000 -0.120846 0.992671
-0.103170 -0.059566 0.992879
3
-0.103170 -0.059566 0.992879
0.000000 -0.120846 0.992671
0.103170 -0.059566 0.992879
3
0.398113 -0.229851 0.888074
0.303654 -0.175315 0.936514
0.203302 -0.245330 0.947883
3
0.000000 -0.250563 0.968100
0.203302 -0.245330 0.947883
0.103206 -0.185810 0.977151
3
0.204871 -0.118283 0.971616
0.103206 -0.185810 0.977151
0.303654 -0.175315 0.936514
3
0.303654 -0.175315 0.936514
0.103206 -0.185810 0.977151
0.203302 -0.245330 0.947883
3
-0.398113 -0.229851 0.888074
-0.203302 -0.245330 0.947883
-0.303654 -0.175315 0.936514
3
-0.204871 -0.118283 0.971616
-0.303654 -0.175315 0.936514
-0.103206 -0.185810 0.977151
3
0.000000 -0.250563 0.968100
-0.103206 -0.185810 0.977151
-0.203302 -0.245330 0.947883
3
-0.203302 -0.245330 0.947883
-0.103206 -0.185810 0.977151
-0.303654 -0.175315 0.936514
3
-0.204871 -0.118283 0.971616
-0.103206 -0.185810 0.977151
0.000000 -0.120846 0.992671
3
0.204871 -0.118283 0.971616
0.000000 -0.120846 0.992671
0.103206 -0.185810 0.977151
3
0.000000 -0.250563 0.968100
0.103206 -0.185810 0.977151
-0.103206 -0.185810 0.977151
3
-0.103206 -0.185810 0.977151
0.103206 -0.185810 0.977151
0.000000 -0.120846 0.992671
3
0.707107 -0.408248 0.577350
0.642506 -0.370951 0.670509
0.555570 -0.480049 0.678892
3
0.382683 -0.533402 0.754344
0.555570 -0.480049 0.678892
0.480344 -0.435075 0.761564
3
0.568753 -0.328370 0.754117
0.480344 -0.435075 0.761564
0.642506 -0.370951 0.670509
3
0.642506 -0.370951 0.670509
0.480344 -0.435075 0.761564
0.555570 -0.480049 0.678892
3
0.000000 -0.577350 0.816496
0.195090 -0.566257 0.800808
0.104214 -0.502625 0.858200
3
0.206533 -0.418760 0.884299
0.104214 -0.502625 0.858200
0.296883 -0.479757 0.825647
3
0.382683 -0.533402 0.754344
0.296883 -0.479757 0.825647
0.195090 -0.566257 0.800808
3
0.195090 -0.566257 0.800808
0.296883 -0.479757 0.825647
0.104214 -0.502625 0.858200
3
0.398113 -0.229851 0.888074
0.305097 -0.327281 0.894317
0.486900 -0.281112 0.826985
3
0.568753 -0.328370 0.754117
0.486900 -0.281112 0.826985
0.395447 -0.381086 0.835700
3
0.206533 -0.418760 0.884299
0.395447 -0.381086 0.835700
0.305097 -0.327281 0.894317
3
0.305097 -0.327281 0.894317
0.395447 -0.381086 0.835700
0.486900 -0.281112 0.826985
3
0.568753 -0.328370 0.754117
0.395447 -0.381086 0.835700
0.480344 -0.435075 0.761564
3
0.382683 -0.533402 0.754344
0.480344 -0.435075 0.761564
0.296883 -0.479757 0.825647
3
0.206533 -0.418760 0.884299
0.296883 -0.479757 0.825647
0.395447 -0.381086 0.835700
3
0.395447 -0.381086 0.835700
0.296883 -0.479757 0.825647
0.480344 -0.435075 0.761564
3
-0.707107 -0.408248 0.577350
-0.555570 -0.480049 0.678892
-0.642506 -0.370951 0.670509
3
-0.568753 -0.328370 0.754117
-0.642506 -0.370951 0.670509
-0.480344 -0.435075 0.761564
3
-0.382683 -0.533402 0.754344
-0.480344 -0.435075 0.761564
-0.555570 -0.480049 0.678892
3
-0.555570 -0.480049 0.678892
-0.480344 -0.435075 0.761564
-0.642506 -0.370951 0.670509
3
-0.398113 -0.229851 0.888074
-0.486900 -0.281112 0.826985
-0.305097 -0.327281 0.894317
3
-0.206533 -0.418760 0.884299
-0.305097 -0.327281 0.894317
-0.395447 -0.381086 0.835700
3
-0.568753 -0.328370 0.754117
-0.395447 -0.381086 0.835700
-0.486900 -0.281112 0.826985
3
-0.486900 -0.281112 0.826985
-0.395447 -0.381086 0.835700
-0.305097 -0.327281 0.894317
3
0.000000 -0.577350 0.816496
-0.104214 -0.502625 0.858200
-0.195090 -0.566257 0.800808
3
-0.382683 -0.533402 0.754344
-0.195090 -0.566257 0.800808
-0.296883 -0.479757 0.825647
3
-0.206533 -0.418760 0.884299
-0.296883 -0.479757 0.825647
-0.104214 -0.502625 0.858200
3
-0.104214 -0.502625 0.858200
-0.296883 -0.479757 0.825647
-0.195090 -0.566257 0.800808
3
-0.382683 -0.533402 0.754344
-0.296883 -0.479757 0.825647
-0.480344 -0.435075 0.761564
3
-0.568753 -0.328370 0.754117
-0.480344 -0.435075 0.761564
-0.395447 -0.381086 0.835700
3
-0.206533 -0.418760 0.884299
-0.395447 -0.381086 0.835700
-0.296883 -0.479757 0.825647
3
-0.296883 -0.479757 0.825647
-0.395447 -0.381086 0.835700
-0.480344 -0.435075 0.761564
3
-0.398113 -0.229851 0.888074
-0.305097 -0.327281 0.894317
-0.203302 -0.245330 0.947883
3
0.000000 -0.250563 0.968100
-0.203302 -0.245330 0.947883
-0.104288 -0.337972 0.935360
3
-0.206533 -0.418760 0.884299
-0.104288 -0.337972 0.935360
-0.305097 -0.327281 0.894317
3
-0.305097 -0.327281 0.894317
-0.104288 -0.337972 0.935360
-0.203302 -0.245330 0.947883
3
0.398113 -0.229851 0.888074
0.203302 -0.245330 0.947883
0.305097 -0.327281 0.894317
3
0.206533 -0.418760 0.884299
0.305097 -0.327281 0.894317
0.104288 -0.337972 0.935360
3
0.000000 -0.250563 0.968100
0.104288 -0.337972 0.935360
0.203302 -0.245330 0.947883
3
0.203302 -0.245330 0.947883
0.104288 -0.337972 0.935360
0.305097 -0.327281 0.894317
3
0.000000 -0.577350 0.816496
0.104214 -0.502625 0.858200
-0.104214 -0.502625 0.858200
3
-0.206533 -0.418760 0.884299
-0.104214 -0.502625 0.858200
0.000000 -0.427988 0.903784
3
0.206533 -0.418760 0.884299
0.000000 -0.427988 0.903784
0.104214 -0.502625 0.858200
3
0.104214 -0.502625 0.858200
0.000000 -0.427988 0.903784
-0.104214 -0.502625 0.858200
3
-0.206533 -0.418760 0.884299
0.000000 -0.427988 0.903784
-0.104288 -0.337972 0.935360
3
0.000000 -0.250563 0.968100
-0.104288 -0.337972 0.935360
0.104288 -0.337972 0.935360
3
0.206533 -0.418760 0.884299
0.104288 -0.337972 0.935360
0.000000 -0.427988 0.903784
3
0.000000 -0.427988 0.903784
0.104288 -0.337972 0.935360
-0.104288 -0.337972 0.935360
3
0.816497 -0.471405 -0.333333
0.845072 -0.487903 -0.218641
0.741902 -0.547468 -0.387118
3
0.656740 -0.615734 -0.435389
0.741902 -0.547468 -0.387118
0.775627 -0.568655 -0.273923
3
0.861611 -0.497452 -0.100836
0.775627 -0.568655 -0.273923
0.845072 -0.487903 -0.218641
3
0.845072 -0.487903 -0.218641
0.775627 -0.568655 -0.273923
0.741902 -0.547468 -0.387118
3
0.459701 -0.725110 -0.512729
0.562224 -0.675231 -0.477459
0.601471 -0.709966 -0.366306
3
0.718119 -0.665169 -0.204583
0.601471 -0.709966 -0.366306
0.692599 -0.645268 -0.322392
3
0.656740 -0.615734 -0.435389
0.692599 -0.645268 -0.322392
0.562224 -0.675231 -0.477459
3
0.562224 -0.675231 -0.477459
0.692599 -0.645268 -0.322392
0.601471 -0.709966 -0.366306
3
0.857813 -0.495259 0.137386
0.804773 -0.592590 -0.034315
0.865879 -0.499915 0.018406
3
0.861611 -0.497452 -0.100836
0.865879 -0.499915 0.018406
0.795805 -0.585682 -0.153858
3
0.718119 -0.665169 -0.204583
0.795805 -0.585682 -0.153858
0.804773 -0.592590 -0.034315
3
0.804773 -0.592590 -0.034315
0.795805 -0.585682 -0.153858
0.865879 -0.499915 0.018406
3
0.861611 -0.497452 -0.100836
0.795805 -0.585682 -0.153858
0.775627 -0.568655 -0.273923
3
0.656740 -0.615734 -0.435389
0.775627 -0.568655 -0.273923
0.692599 -0.645268 -0.322392
3
0.718119 -0.665169 -0.204583
0.692599 -0.645268 -0.322392
0.795805 -0.585682 -0.153858
3
0.795805 -0.585682 -0.153858
0.692599 -0.645268 -0.322392
0.775627 -0.568655 -0.273923
3
0.000000 -0.816497 -0.577349
0.119131 -0.810683 -0.573238
0.137950 -0.880454 -0.453620
3
0.270598 -0.910575 -0.312459
0.137950 -0.880454 -0.453620
0.256047 -0.860231 -0.440956
3
0.236565 -0.793321 -0.560962
0.256047 -0.860231 -0.440956
0.119131 -0.810683 -0.573238
3
0.119131 -0.810683 -0.573238
0.256047 -0.860231 -0.440956
0.137950 -0.880454 -0.453620
3
0.500000 -0.866026 0.000001
0.392847 -0.905703 -0.159290
0.503515 -0.853498 -0.134217
3
0.497874 -0.825450 -0.265994
0.503515 -0.853498 -0.134217
0.387203 -0.874714 -0.291459
3
0.270598 -0.910575 -0.312459
0.387203 -0.874714 -0.291459
0.392847 -0.905703 -0.159290
3
0.392847 -0.905703 -0.159290
0.387203 -0.874714 -0.291459
0.503515 -0.853498 -0.134217
3
0.459701 -0.725110 -0.512729
0.483181 -0.782393 -0.392934
0.350630 -0.764661 -0.540696
3
0.236565 -0.793321 -0.560962
0.350630 -0.764661 -0.540696
0.374613 -0.825681 -0.421802
3
0.497874 -0.825450 -0.265994
0.374613 -0.825681 -0.421802
0.483181 -0.782393 -0.392934
3
0.483181 -0.782393 -0.392934
0.374613 -0.825681 -0.421802
0.350630 -0.764661 -0.540696
3
0.236565 -0.793321 -0.560962
0.374613 -0.825681 -0.421802
0.256047 -0.860231 -0.440956
3
0.270598 -0.910575 -0.312459
0.256047 -0.860231 -0.440956
0.387203 -0.874714 -0.291459
3
0.497874 -0.825450 -0.265994
0.387203 -0.874714 -0.291459
0.374613 -0.825681 -0.421802
3
0.374613 -0.825681 -0.421802
0.387203 -0.874714 -0.291459
0.256047 -0.860231 -0.440956
3
0.707107 -0.408248 0.577350
0.693520 -0.559695 0.453621
0.761637 -0.439731 0.475969
3
0.805319 -0.464951 0.367808
0.761637 -0.439731 0.475969
0.736391 -0.582904 0.343441
3
0.653281 -0.689632 0.312460
0.736391 -0.582904 0.343441
0.693520 -0.559695 0.453621
3
0.693520 -0.559695 0.453621
0.736391 -0.582904 0.343441
0.761637 -0.439731 0.475969
3
0.857813 -0.495259 0.137386
0.837530 -0.483549 0.254408
0.788277 -0.606246 0.105287
3
0.704407 -0.706208 0.071273
0.788277 -0.606246 0.105287
0.770060 -0.597369 0.223960
3
0.805319 -0.464951 0.367808
0.770060 -0.597369 0.223960
0.837530 -0.483549 0.254408
3
0.837530 -0.483549 0.254408
0.770060 -0.597369 0.223960
0.788277 -0.606246 0.105287
3
0.500000 -0.866026 0.000001
0.607729 -0.793330 0.035964
0.587938 -0.793067 0.159291
3
0.653281 -0.689632 0.312460
0.587938 -0.793067 0.159291
0.684086 -0.703309 0.193348
3
0.704407 -0.706208 0.071273
0.684086 -0.703309 0.193348
0.607729 -0.793330 0.035964
3
0.607729 -0.793330 0.035964
0.684086 -0.703309 0.193348
0.587938 -0.793067 0.159291
3
0.653281 -0.689632 0.312460
0.684086 -0.703309 0.193348
0.736391 -0.582904 0.343441
3
0.805319 -0.464951 0.367808
0.736391 -0.582904 0.343441
0.770060 -0.597369 0.223960
3
0.704407 -0.706208 0.071273
0.770060 -0.597369 0.223960
0.684086 -0.703309 0.193348
3
0.684086 -0.703309 0.193348
0.770060 -0.597369 0.223960
0.736391 -0.582904 0.343441
3
0.857813 -0.495259 0.137386
0.788277 -0.606246 0.105287
0.804773 -0.592590 -0.034315
3
0.718119 -0.665169 -0.204583
0.804773 -0.592590 -0.034315
0.718298 -0.692471 -0.067314
3
0.704407 -0.706208 0.071273
0.718298 -0.692471 -0.067314
0.788277 -0.606246 0.105287
3
0.788277 -0.606246 0.105287
0.718298 -0.692471 -0.067314
0.804773 -0.592590 -0.034315
3
0.459701 -0.725110 -0.512729
0.601471 -0.709966 -0.366306
0.483181 -0.782393 -0.392934
3
0.497874 -0.825450 -0.265994
0.483181 -0.782393 -0.392934
0.614011 -0.752682 -0.237616
3
0.718119 -0.665169 -0.204583
0.614011 -0.752682 -0.237616
0.601471 -0.709966 -0.366306
3
0.601471 -0.709966 -0.366306
0.614011 -0.752682 -0.237616
0.483181 -0.782393 -0.392934
3
0.500000 -0.866026 0.000001
0.503515 -0.853498 -0.134217
0.607729 -0.793330 0.035964
3
0.704407 -0.706208 0.071273
0.607729 -0.793330 0.035964
0.614387 -0.782705 -0.099506
3
0.497874 -0.825450 -0.265994
0.614387 -0.782705 -0.099506
0.503515 -0.853498 -0.134217
3
0.503515 -0.853498 -0.134217
0.614387 -0.782705 -0.099506
0.607729 -0.793330 0.035964
3
0.704407 -0.706208 0.071273
0.614387 -0.782705 -0.099506
0.718298 -0.692471 -0.067314
3
0.718119 -0.665169 -0.204583
0.718298 -0.692471 -0.067314
0.614011 -0.752682 -0.237616
3
0.497874 -0.825450 -0.265994
0.614011 -0.752682 -0.237616
0.614387 -0.782705 -0.099506
3
0.614387 -0.782705 -0.099506
0.614011 -0.752682 -0.237616
0.718298 -0.692471 -0.067314
3
-0.816497 -0.471405 -0.333333
-0.741902 -0.547468 -0.387118
-0.845072 -0.487903 -0.218641
3
-0.861611 -0.497452 -0.100836
-0.845072 -0.487903 -0.218641
-0.775627 -0.568655 -0.273923
3
-0.656740 -0.615734 -0.435389
-0.775627 -0.568655 -0.273923
-0.741902 -0.547468 -0.387118
3
-0.741902 -0.547468 -0.387118
-0.775627 -0.568655 -0.273923
-0.845072 -0.487903 -0.218641
3
-0.857813 -0.495259 0.137386
-0.865879 -0.499915 0.018406
-0.804773 -0.592590 -0.034315
3
-0.718119 -0.665169 -0.204583
-0.804773 -0.592590 -0.034315
-0.795805 -0.585682 -0.153858
3
-0.861611 -0.497452 -0.100836
-0.795805 -0.585682 -0.153858
-0.865879 -0.499915 0.018406
3
-0.865879 -0.499915 0.018406
-0.795805 -0.585682 -0.153858
-0.804773 -0.592590 -0.034315
3
-0.459701 -0.725110 -0.512729
-0.601471 -0.709966 -0.366306
-0.562224 -0.675231 -0.477459
3
-0.656740 -0.615734 -0.435389
-0.562224 -0.675231 -0.477459
-0.692599 -0.645268 -0.322392
3
-0.718119 -0.665169 -0.204583
-0.692599 -0.645268 -0.322392
-0.601471 -0.709966 -0.366306
3
-0.601471 -0.709966 -0.366306
-0.692599 -0.645268 -0.322392
-0.562224 -0.675231 -0.477459
3
-0.656740 -0.615734 -0.435389
-0.692599 -0.645268 -0.322392
-0.775627 -0.568655 -0.273923
3
-0.861611 -0.497452 -0.100836
-0.775627 -0.568655 -0.273923
-0.795805 -0.585682 -0.153858
3
-0.718119 -0.665169 -0.204583
-0.795805 -0.585682 -0.153858
-0.692599 -0.645268 -0.322392
3
-0.692599 -0.645268 -0.322392
-0.795805 -0.585682 -0.153858
-0.775627 -0.568655 -0.273923
3
-0.707107 -0.408248 0.577350
-0.761637 -0.439731 0.475969
-0.693520 -0.559695 0.453621
3
-0.653281 -0.689632 0.312460
-0.693520 -0.559695 0.453621
-0.736391 -0.582904 0.343441
3
-0.805319 -0.464951 0.367808
-0.736391 -0.582904 0.343441
-0.761637 -0.439731 0.475969
3
-0.761637 -0.439731 0.475969
-0.736391 -0.582904 0.343441
-0.693520 -0.559695 0.453621
3
-0.500000 -0.866026 0.000001
-0.587938 -0.793067 0.159291
-0.607729 -0.793330 0.035964
3
-0.704407 -0.706208 0.071273
-0.607729 -0.793330 0.035964
-0.684086 -0.703309 0.193348
3
-0.653281 -0.689632 0.312460
-0.684086 -0.703309 0.193348
-0.587938 -0.793067 0.159291
3
-0.587938 -0.793067 0.159291
-0.684086 -0.703309 0.193348
-0.607729 -0.793330 0.035964
3
-0.857813 -0.495259 0.137386
-0.788277 -0.606246 0.105287
-0.837530 -0.483549 0.254408
3
-0.805319 -0.464951 0.367808
-0.837530 -0.483549 0.254408
-0.770060 -0.597369 0.223960
3
-0.704407 -0.706208 0.071273
-0.770060 -0.597369 0.223960
-0.788277 -0.606246 0.105287
3
-0.788277 -0.606246 0.105287
-0.770060 -0.597369 0.223960
-0.837530 -0.483549 0.254408
3
-0.805319 -0.464951 0.367808
-0.770060 -0.597369 0.223960
-0.736391 -0.582904 0.343441
3
-0.653281 -0.689632 0.312460
-0.736391 -0.582904 0.343441
-0.684086 -0.703309 0.193348
3
-0.704407 -0.706208 0.071273
-0.684086 -0.703309 0.193348
-0.770060 -0.597369 0.223960
3
-0.770060 -0.597369 0.223960
-0.684086 -0.703309 0.193348
-0.736391 -0.582904 0.343441
3
0.000000 -0.816497 -0.577349
-0.137950 -0.880454 -0.453620
-0.119131 -0.810683 -0.573238
3
-0.236565 -0.793321 -0.560962
-0.119131 -0.810683 -0.573238
-0.256047 -0.860231 -0.440956
3
-0.270598 -0.910575 -0.312459
-0.256047 -0.860231 -0.440956
-0.137950 -0.880454 -0.453620
3
-0.137950 -0.880454 -0.453620
-0.256047 -0.860231 -0.440956
-0.119131 -0.810683 -0.573238
3
-0.459701 -0.725110 -0.512729
-0.350630 -0.764661 -0.540696
-0.483181 -0.782393 -0.392934
3
-0.497874 -0.825450 -0.265994
-0.483181 -0.782393 -0.392934
-0.374613 -0.825681 -0.421802
3
-0.236565 -0.793321 -0.560962
-0.374613 -0.825681 -0.421802
-0.350630 -0.764661 -0.540696
3
-0.350630 -0.764661 -0.540696
-0.374613 -0.825681 -0.421802
-0.483181 -0.782393 -0.392934
3
-0.500000 -0.866026 0.000001
-0.503515 -0.853498 -0.134217
-0.392847 -0.905703 -0.159290
3
-0.270598 -0.910575 -0.312459
-0.392847 -0.905703 -0.159290
-0.387203 -0.874714 -0.291459
3
-0.497874 -0.825450 -0.265994
-0.387203 -0.874714 -0.291459
-0.503515 -0.853498 -0.134217
3
-0.503515 -0.853498 -0.134217
-0.387203 -0.874714 -0.291459
-0.392847 -0.905703 -0.159290
3
-0.270598 -0.910575 -0.312459
-0.387203 -0.874714 -0.291459
-0.256047 -0.860231 -0.440956
3
-0.236565 -0.793321 -0.560962
-0.256047 -0.860231 -0.440956
-0.374613 -0.825681 -0.421802
3
-0.497874 -0.825450 -0.265994
-0.374613 -0.825681 -0.421802
-0.387203 -0.874714 -0.291459
3
-0.387203 -0.874714 -0.291459
-0.374613 -0.825681 -0.421802
-0.256047 -0.860231 -0.440956
3
-0.459701 -0.725110 -0.512729
-0.483181 -0.782393 -0.392934
-0.601471 -0.709966 -0.366306
3
-0.718119 -0.665169 -0.204583
-0.601471 -0.709966 -0.366306
-0.614011 -0.752682 -0.237616
3
-0.497874 -0.825450 -0.265994
-0.614011 -0.752682 -0.237616
-0.483181 -0.782393 -0.392934
3
-0.483181 -0.782393 -0.392934
-0.614011 -0.752682 -0.237616
-0.601471 -0.709966 -0.366306
3
-0.857813 -0.495259 0.137386
-0.804773 -0.592590 -0.034315
-0.788277 -0.606246 0.105287
3
-0.704407 -0.706208 0.071273
-0.788277 -0.606246 0.105287
-0.718298 -0.692471 -0.067314
3
-0.718119 -0.665169 -0.204583
-0.718298 -0.692471 -0.067314
-0.804773 -0.592590 -0.034315
3
-0.804773 -0.592590 -0.034315
-0.718298 -0.692471 -0.067314
-0.788277 -0.606246 0.105287
3
-0.500000 -0.866026 0.000001
-0.607729 -0.793330 0.035964
-0.503515 -0.853498 -0.134217
3
-0.497874 -0.825450 -0.265994
-0.503515 -0.853498 -0.134217
-0.614387 -0.782705 -0.099506
3
-0.704407 -0.706208 0.071273
-0.614387 -0.782705 -0.099506
-0.607729 -0.793330 0.035964
3
-0.607729 -0.793330 0.035964
-0.614387 -0.782705 -0.099506
-0.503515 -0.853498 -0.134217
3
-0.497874 -0.825450 -0.265994
-0.614387 -0.782705 -0.099506
-0.614011 -0.752682 -0.237616
3
-0.718119 -0.665169 -0.204583
-0.614011 -0.752682 -0.237616
-0.718298 -0.692471 -0.067314
3
-0.704407 -0.706208 0.071273
-0.718298 -0.692471 -0.067314
-0.614387 -0.782705 -0.099506
3
-0.614387 -0.782705 -0.099506
-0.718298 -0.692471 -0.067314
-0.614011 -0.752682 -0.237616
3
-0.707107 -0.408248 0.577350
-0.693520 -0.559695 0.453621
-0.555570 -0.480049 0.678892
3
-0.382683 -0.533402 0.754344
-0.555570 -0.480049 0.678892
-0.538056 -0.635216 0.554073
3
-0.653281 -0.689632 0.312460
-0.538056 -0.635216 0.554073
-0.693520 -0.559695 0.453621
3
-0.693520 -0.559695 0.453621
-0.538056 -0.635216 0.554073
-0.555570 -0.480049 0.678892
3
0.000000 -0.577350 0.816496
-0.195090 -0.566257 0.800808
-0.149429 -0.730224 0.666667
3
-0.288675 -0.833333 0.471405
-0.149429 -0.730224 0.666667
-0.343445 -0.699178 0.627053
3
-0.382683 -0.533402 0.754344
-0.343445 -0.699178 0.627053
-0.195090 -0.566257 0.800808
3
-0.195090 -0.566257 0.800808
-0.343445 -0.699178 0.627053
-0.149429 -0.730224 0.666667
3
-0.500000 -0.866026 0.000001
-0.408248 -0.879653 0.244017
-0.587938 -0.793067 0.159291
3
-0.653281 -0.689632 0.312460
-0.587938 -0.793067 0.159291
-0.481874 -0.779100 0.401000
3
-0.288675 -0.833333 0.471405
-0.481874 -0.779100 0.401000
-0.408248 -0.879653 0.244017
3
-0.408248 -0.879653 0.244017
-0.481874 -0.779100 0.401000
-0.587938 -0.793067 0.159291
3
-0.653281 -0.689632 0.312460
-0.481874 -0.779100 0.401000
-0.538056 -0.635216 0.554073
3
-0.382683 -0.533402 0.754344
-0.538056 -0.635216 0.554073
-0.343445 -0.699178 0.627053
3
-0.288675 -0.833333 0.471405
-0.343445 -0.699178 0.627053
-0.481874 -0.779100 0.401000
3
-0.481874 -0.779100 0.401000
-0.343445 -0.699178 0.627053
-0.538056 -0.635216 0.554073
3
0.707107 -0.408248 0.577350
0.555570 -0.480049 0.678892
0.693520 -0.559695 0.453621
3
0.653281 -0.689632 0.312460
0.693520 -0.559695 0.453621
0.538056 -0.635216 0.554073
3
0.382683 -0.533402 0.754344
0.538056 -0.635216 0.554073
0.555570 -0.480049 0.678892
3
0.555570 -0.480049 0.678892
0.538056 -0.635216 0.554073
0.693520 -0.559695 0.453621
3
0.500000 -0.866026 0.000001
0.587938 -0.793067 0.159291
0.408248 -0.879653 0.244017
3
0.288675 -0.833333 0.471405
0.408248 -0.879653 0.244017
0.481874 -0.779100 0.401000
3
0.653281 -0.689632 0.312460
0.481874 -0.779100 0.401000
0.587938 -0.793067 0.159291
3
0.587938 -0.793067 0.159291
0.481874 -0.779100 0.401000
0.408248 -0.879653 0.244017
3
0.000000 -0.577350 0.816496
0.149429 -0.730224 0.666667
0.195090 -0.566257 0.800808
3
0.382683 -0.533402 0.754344
0.195090 -0.566257 0.800808
0.343445 -0.699178 0.627053
3
0.288675 -0.833333 0.471405
0.343445 -0.699178 0.627053
0.149429 -0.730224 0.666667
3
0.149429 -0.730224 0.666667
0.343445 -0.699178 0.627053
0.195090 -0.566257 0.800808
3
0.382683 -0.533402 0.754344
0.343445 -0.699178 0.627053
0.538056 -0.635216 0.554073
3
0.653281 -0.689632 0.312460
0.538056 -0.635216 0.554073
0.481874 -0.779100 0.401000
3
0.288675 -0.833333 0.471405
0.481874 -0.779100 0.401000
0.343445 -0.699178 0.627053
3
0.343445 -0.699178 0.627053
0.481874 -0.779100 0.401000
0.538056 -0.635216 0.554073
3
0.000000 -0.816497 -0.577349
0.137950 -0.880454 -0.453620
-0.137950 -0.880454 -0.453620
3
-0.270598 -0.910575 -0.312459
-0.137950 -0.880454 -0.453620
0.000000 -0.945862 -0.324568
3
0.270598 -0.910575 -0.312459
0.000000 -0.945862 -0.324568
0.137950 -0.880454 -0.453620
3
0.137950 -0.880454 -0.453620
0.000000 -0.945862 -0.324568
-0.137950 -0.880454 -0.453620
3
-0.500000 -0.866026 0.000001
-0.392847 -0.905703 -0.159290
-0.258819 -0.965926 0.000001
3
0.000000 -1.000000 0.000001
-0.258819 -0.965926 0.000001
-0.138429 -0.977388 -0.159844
3
-0.270598 -0.910575 -0.312459
-0.138429 -0.977388 -0.159844
-0.392847 -0.905703 -0.159290
3
-0.392847 -0.905703 -0.159290
-0.138429 -0.977388 -0.159844
-0.258819 -0.965926 0.000001
3
0.500000 -0.866026 0.000001
0.258819 -0.965926 0.000001
0.392847 -0.905703 -0.159290
3
0.270598 -0.910575 -0.312459
0.392847 -0.905703 -0.159290
0.138429 -0.977388 -0.159844
3
0.000000 -1.000000 0.000001
0.138429 -0.977388 -0.159844
0.258819 -0.965926 0.000001
3
0.258819 -0.965926 0.000001
0.138429 -0.977388 -0.159844
0.392847 -0.905703 -0.159290
3
0.270598 -0.910575 -0.312459
0.138429 -0.977388 -0.159844
0.000000 -0.945862 -0.324568
3
-0.270598 -0.910575 -0.312459
0.000000 -0.945862 -0.324568
-0.138429 -0.977388 -0.159844
3
0.000000 -1.000000 0.000001
-0.138429 -0.977388 -0.159844
0.138429 -0.977388 -0.159844
3
0.138429 -0.977388 -0.159844
-0.138429 -0.977388 -0.159844
0.000000 -0.945862 -0.324568
3
-0.500000 -0.866026 0.000001
-0.258819 -0.965926 0.000001
-0.408248 -0.879653 0.244017
3
-0.288675 -0.833333 0.471405
-0.408248 -0.879653 0.244017
-0.150756 -0.957427 0.246183
3
0.000000 -1.000000 0.000001
-0.150756 -0.957427 0.246183
-0.258819 -0.965926 0.000001
3
-0.258819 -0.965926 0.000001
-0.150756 -0.957427 0.246183
-0.408248 -0.879653 0.244017
3
0.000000 -0.577350 0.816496
-0.149429 -0.730224 0.666667
0.149429 -0.730224 0.666667
3
0.288675 -0.833333 0.471405
0.149429 -0.730224 0.666667
0.000000 -0.870388 0.492366
3
-0.288675 -0.833333 0.471405
0.000000 -0.870388 0.492366
-0.149429 -0.730224 0.666667
3
-0.149429 -0.730224 0.666667
0.000000 -0.870388 0.492366
0.149429 -0.730224 0.666667
3
0.500000 -0.866026 0.000001
0.408248 -0.879653 0.244017
0.258819 -0.965926 0.000001
3
0.000000 -1.000000 0.000001
0.258819 -0.965926 0.000001
0.150756 -0.957427 0.246183
3
0.288675 -0.833333 0.471405
0.150756 -0.957427 0.246183
0.408248 -0.879653 0.244017
3
0.408248 -0.879653 0.244017
0.150756 -0.957427 0.246183
0.258819 -0.965926 0.000001
3
0.000000 -1.000000 0.000001
0.150756 -0.957427 0.246183
-0.150756 -0.957427 0.246183
3
-0.288675 -0.833333 0.471405
-0.150756 -0.957427 0.246183
0.000000 -0.870388 0.492366
3
0.288675 -0.833333 0.471405
0.000000 -0.870388 0.492366
0.150756 -0.957427 0.246183
3
0.150756 -0.957427 0.246183
0.000000 -0.870388 0.492366
-0.150756 -0.957427 0.246183
