128
3
0.000000 1.000000 0.000000
0.000000 0.923880 0.382683
0.382683 0.923880 0.000000
3
0.000000 0.923880 0.382683
0.000000 0.707107 0.707107
0.408248 0.816497 0.408248
3
0.382683 0.923880 0.000000
0.000000 0.923880 0.382683
0.408248 0.816497 0.408248
3
0.382683 0.923880 0.000000
0.408248 0.816497 0.408248
0.707107 0.707107 0.000000
3
0.000000 0.707107 0.707107
0.000000 0.382683 0.923880
0.408248 0.408248 0.816497
3
0.000000 0.382683 0.923880
0.000000 0.000000 1.000000
0.382683 0.000000 0.923880
3
0.408248 0.408248 0.816497
0.000000 0.382683 0.923880
0.382683 0.000000 0.923880
3
0.408248 0.408248 0.816497
0.382683 0.000000 0.923880
0.707107 0.000000 0.707107
3
0.707107 0.707107 0.000000
0.408248 0.816497 0.408248
0.816497 0.408248 0.408248
3
0.408248 0.816497 0.408248
0.000000 0.707107 0.707107
0.408248 0.408248 0.816497
3
0.816497 0.408248 0.408248
0.408248 0.816497 0.408248
0.408248 0.408248 0.816497
3
0.816497 0.408248 0.408248
0.408248 0.408248 0.816497
0.707107 0.000000 0.707107
3
0.707107 0.707107 0.000000
0.816497 0.408248 0.408248
0.923880 0.382683 0.000000
3
0.816497 0.408248 0.408248
0.707107 0.000000 0.707107
0.923880 0.000000 0.382683
3
0.923880 0.382683 0.000000
0.816497 0.408248 0.408248
0.923880 0.000000 0.382683
3
0.923880 0.382683 0.000000
0.923880 0.000000 0.382683
1.000000 0.000000 0.000000
3
-1.000000 0.000000 0.000000
-0.923880 0.000000 0.382683
-0.923880 0.382683 0.000000
3
-0.923880 0.000000 0.382683
-0.707107 0.000000 0.707107
-0.816497 0.408248 0.408248
3
-0.923880 0.382683 0.000000
-0.923880 0.000000 0.382683
-0.816497 0.408248 0.408248
3
-0.923880 0.382683 0.000000
-0.816497 0.408248 0.408248
-0.707107 0.707107 0.000000
3
-0.707107 0.000000 0.707107
-0.382683 0.000000 0.923880
-0.408248 0.408248 0.816497
3
-0.382683 0.000000 0.923880
0.000000 0.000000 1.000000
0.000000 0.382683 0.923880
3
-0.408248 0.408248 0.816497
-0.382683 0.000000 0.923880
0.000000 0.382683 0.923880
3
-0.408248 0.408248 0.816497
0.000000 0.382683 0.923880
0.000000 0.707107 0.707107
3
-0.707107 0.707107 0.000000
-0.816497 0.408248 0.408248
-0.408248 0.816497 0.408248
3
-0.816497 0.408248 0.408248
-0.707107 0.000000 0.707107
-0.408248 0.408248 0.816497
3
-0.408248 0.816497 0.408248
-0.816497 0.408248 0.408248
-0.408248 0.408248 0.816497
3
-0.408248 0.816497 0.408248
-0.408248 0.408248 0.816497
0.000000 0.707107 0.707107
3
-0.707107 0.707107 0.000000
-0.408248 0.816497 0.408248
-0.382683 0.923880 0.000000
3
-0.408248 0.816497 0.408248
0.000000 0.707107 0.707107
0.000000 0.923880 0.382683
3
-0.382683 0.923880 0.000000
-0.408248 0.816497 0.408248
0.000000 0.923880 0.382683
3
-0.382683 0.923880 0.000000
0.000000 0.923880 0.382683
0.000000 1.000000 0.000000
3
0.000000 -1.000000 0.000000
0.000000 -0.923880 0.382683
-0.382683 -0.923880 0.000000
3
0.000000 -0.923880 0.382683
0.000000 -0.707107 0.707107
-0.408248 -0.816497 0.408248
3
-0.382683 -0.923880 0.000000
0.000000 -0.923880 0.382683
-0.408248 -0.816497 0.408248
3
-0.382683 -0.923880 0.000000
-0.408248 -0.816497 0.408248
-0.707107 -0.707107 0.000000
3
0.000000 -0.707107 0.707107
0.000000 -0.382683 0.923880
-0.408248 -0.408248 0.816497
3
0.000000 -0.382683 0.923880
0.000000 0.000000 1.000000
-0.382683 0.000000 0.923880
3
-0.408248 -0.408248 0.816497
0.000000 -0.382683 0.923880
-0.382683 0.000000 0.923880
3
-0.408248 -0.408248 0.816497
-0.382683 0.000000 0.923880
-0.707107 0.000000 0.707107
3
-0.707107 -0.707107 0.000000
-0.408248 -0.816497 0.408248
-0.816497 -0.408248 0.408248
3
-0.408248 -0.816497 0.408248
0.000000 -0.707107 0.707107
-0.408248 -0.408248 0.816497
3
-0.816497 -0.408248 0.408248
-0.408248 -0.816497 0.408248
-0.408248 -0.408248 0.816497
3
-0.816497 -0.408248 0.408248
-0.408248 -0.408248 0.816497
-0.707107 0.000000 0.707107
3
-0.707107 -0.707107 0.000000
-0.816497 -0.408248 0.408248
-0.923880 -0.382683 0.000000
3
-0.816497 -0.408248 0.408248
-0.707107 0.000000 0.707107
-0.923880 0.000000 0.382683
3
-0.923880 -0.382683 0.000000
-0.816497 -0.408248 0.408248
-0.923880 0.000000 0.382683
3
-0.923880 -0.382683 0.000000
-0.923880 0.000000 0.382683
-1.000000 0.000000 0.000000
3
1.000000 0.000000 0.000000
0.923880 0.000000 0.382683
0.923880 -0.382683 0.000000
3
0.923880 0.000000 0.382683
0.707107 0.000000 0.707107
0.816497 -0.408248 0.408248
3
0.923880 -0.382683 0.000000
0.923880 0.000000 0.382683
0.816497 -0.408248 0.408248
3
0.923880 -0.382683 0.000000
0.816497 -0.408248 0.408248
0.707107 -0.707107 0.000000
3
0.707107 0.000000 0.707107
0.382683 0.000000 0.923880
0.408248 -0.408248 0.816497
3
0.382683 0.000000 0.923880
0.000000 0.000000 1.000000
0.000000 -0.382683 0.923880
3
0.408248 -0.408248 0.816497
0.382683 0.000000 0.923880
0.000000 -0.382683 0.923880
3
0.408248 -0.408248 0.816497
0.000000 -0.382683 0.923880
0.000000 -0.707107 0.707107
3
0.707107 -0.707107 0.000000
0.816497 -0.408248 0.408248
0.408248 -0.816497 0.408248
3
0.816497 -0.408248 0.408248
0.707107 0.000000 0.707107
0.408248 -0.408248 0.816497
3
0.408248 -0.816497 0.408248
0.816497 -0.408248 0.408248
0.408248 -0.408248 0.816497
3
0.408248 -0.816497 0.408248
0.408248 -0.408248 0.816497
0.000000 -0.707107 0.707107
3
0.707107 -0.707107 0.000000
0.408248 -0.816497 0.408248
0.382683 -0.923880 0.000000
3
0.408248 -0.816497 0.408248
0.000000 -0.707107 0.707107
0.000000 -0.923880 0.382683
3
0.382683 -0.923880 0.000000
0.408248 -0.816497 0.408248
0.000000 -0.923880 0.382683
3
0.382683 -0.923880 0.000000
0.000000 -0.923880 0.382683
0.000000 -1.000000 0.000000
3
0.000000 0.000000 -1.000000
0.000000 0.382683 -0.923880
0.382683 0.000000 -0.923880
3
0.000000 0.382683 -0.923880
0.000000 0.707107 -0.707107
0.408248 0.408248 -0.816497
3
0.382683 0.000000 -0.923880
0.000000 0.382683 -0.923880
0.408248 0.408248 -0.816497
3
0.382683 0.000000 -0.923880
0.408248 0.408248 -0.816497
0.707107 0.000000 -0.707107
3
0.000000 0.707107 -0.707107
0.000000 0.923880 -0.382683
0.408248 0.816497 -0.408248
3
0.000000 0.923880 -0.382683
0.000000 1.000000 0.000000
0.382683 0.923880 0.000000
3
0.408248 0.816497 -0.408248
0.000000 0.923880 -0.382683
0.382683 0.923880 0.000000
3
0.408248 0.816497 -0.408248
0.382683 0.923880 0.000000
0.707107 0.707107 0.000000
3
0.707107 0.000000 -0.707107
0.408248 0.408248 -0.816497
0.816497 0.408248 -0.408248
3
0.408248 0.408248 -0.816497
0.000000 0.707107 -0.707107
0.408248 0.816497 -0.408248
3
0.816497 0.408248 -0.408248
0.408248 0.408248 -0.816497
0.408248 0.816497 -0.408248
3
0.816497 0.408248 -0.408248
0.408248 0.816497 -0.408248
0.707107 0.707107 0.000000
3
0.707107 0.000000 -0.707107
0.816497 0.408248 -0.408248
0.923880 0.000000 -0.382683
3
0.816497 0.408248 -0.408248
0.707107 0.707107 0.000000
0.923880 0.382683 0.000000
3
0.923880 0.000000 -0.382683
0.816497 0.408248 -0.408248
0.923880 0.382683 0.000000
3
0.923880 0.000000 -0.382683
0.923880 0.382683 0.000000
1.000000 0.000000 0.000000
3
0.000000 0.000000 -1.000000
-0.382683 0.000000 -0.923880
0.000000 0.382683 -0.923880
3
-0.382683 0.000000 -0.923880
-0.707107 0.000000 -0.707107
-0.408248 0.408248 -0.816497
3
0.000000 0.382683 -0.923880
-0.382683 0.000000 -0.923880
-0.408248 0.408248 -0.816497
3
0.000000 0.382683 -0.923880
-0.408248 0.408248 -0.816497
0.000000 0.707107 -0.707107
3
-0.707107 0.000000 -0.707107
-0.923880 0.000000 -0.382683
-0.816497 0.408248 -0.408248
3
-0.923880 0.000000 -0.382683
-1.000000 0.000000 0.000000
-0.923880 0.382683 0.000000
3
-0.816497 0.408248 -0.408248
-0.923880 0.000000 -0.382683
-0.923880 0.382683 0.000000
3
-0.816497 0.408248 -0.408248
-0.923880 0.382683 0.000000
-0.707107 0.707107 0.000000
3
0.000000 0.707107 -0.707107
-0.408248 0.408248 -0.816497
-0.408248 0.816497 -0.408248
3
-0.408248 0.408248 -0.816497
-0.707107 0.000000 -0.707107
-0.816497 0.408248 -0.408248
3
-0.408248 0.816497 -0.408248
-0.408248 0.408248 -0.816497
-0.816497 0.408248 -0.408248
3
-0.408248 0.816497 -0.408248
-0.816497 0.408248 -0.408248
-0.707107 0.707107 0.000000
3
0.000000 0.707107 -0.707107
-0.408248 0.816497 -0.408248
0.000000 0.923880 -0.382683
3
-0.408248 0.816497 -0.408248
-0.707107 0.707107 0.000000
-0.382683 0.923880 0.000000
3
0.000000 0.923880 -0.382683
-0.408248 0.816497 -0.408248
-0.382683 0.923880 0.000000
3
0.000000 0.923880 -0.382683
-0.382683 0.923880 0.000000
0.000000 1.000000 0.000000
3
0.000000 0.000000 -1.000000
0.000000 -0.382683 -0.923880
-0.382683 0.000000 -0.923880
3
0.000000 -0.382683 -0.923880
0.000000 -0.707107 -0.707107
-0.408248 -0.408248 -0.816497
3
-0.382683 0.000000 -0.923880
0.000000 -0.382683 -0.923880
-0.408248 -0.408248 -0.816497
3
-0.382683 0.000000 -0.923880
-0.408248 -0.408248 -0.816497
-0.707107 0.000000 -0.707107
3
0.000000 -0.707107 -0.707107
0.000000 -0.923880 -0.382683
-0.408248 -0.816497 -0.408248
3
0.000000 -0.923880 -0.382683
0.000000 -1.000000 0.000000
-0.382683 -0.923880 0.000000
3
-0.408248 -0.816497 -0.408248
0.000000 -0.923880 -0.382683
-0.382683 -0.923880 0.000000
3
-0.408248 -0.816497 -0.408248
-0.382683 -0.923880 0.000000
-0.707107 -0.707107 0.000000
3
-0.707107 0.000000 -0.707107
-0.408248 -0.408248 -0.816497
-0.816497 -0.408248 -0.408248
3
-0.408248 -0.408248 -0.816497
0.000000 -0.707107 -0.707107
-0.408248 -0.816497 -0.408248
3
-0.816497 -0.408248 -0.408248
-0.408248 -0.408248 -0.816497
-0.408248 -0.816497 -0.408248
3
-0.816497 -0.408248 -0.408248
-0.408248 -0.816497 -0.408248
-0.707107 -0.707107 0.000000
3
-0.707107 0.000000 -0.707107
-0.816497 -0.408248 -0.408248
-0.923880 0.000000 -0.382683
3
-0.816497 -0.408248 -0.408248
-0.707107 -0.707107 0.000000
-0.923880 -0.382683 0.000000
3
-0.923880 0.000000 -0.382683
-0.816497 -0.408248 -0.408248
-0.923880 -0.382683 0.000000
3
-0.923880 0.000000 -0.382683
-0.923880 -0.382683 0.000000
-1.000000 0.000000 0.000000
3
0.000000 0.000000 -1.000000
0.382683 0.000000 -0.923880
0.000000 -0.382683 -0.923880
3
0.382683 0.000000 -0.923880
0.707107 0.000000 -0.707107
0.408248 -0.408248 -0.816497
3
0.000000 -0.382683 -0.923880
0.382683 0.000000 -0.923880
0.408248 -0.408248 -0.816497
3
0.000000 -0.382683 -0.923880
0.408248 -0.408248 -0.816497
0.000000 -0.707107 -0.707107
3
0.707107 0.000000 -0.707107
0.923880 0.000000 -0.382683
0.816497 -0.408248 -0.408248
3
0.923880 0.000000 -0.382683
1.000000 0.000000 0.000000
0.923880 -0.382683 0.000000
3
0.816497 -0.408248 -0.408248
0.923880 0.000000 -0.382683
0.923880 -0.382683 0.000000
3
0.816497 -0.408248 -0.408248
0.923880 -0.382683 0.000000
0.707107 -0.707107 0.000000
3
0.000000 -0.707107 -0.707107
0.408248 -0.408248 -0.816497
0.408248 -0.816497 -0.408248
3
0.408248 -0.408248 -0.816497
0.707107 0.000000 -0.707107
0.816497 -0.408248 -0.408248
3
0.408248 -0.816497 -0.408248
0.408248 -0.408248 -0.816497
0.816497 -0.408248 -0.408248
3
0.408248 -0.816497 -0.408248
0.816497 -0.408248 -0.408248
0.707107 -0.707107 0.000000
3
0.000000 -0.707107 -0.707107
0.408248 -0.816497 -0.408248
0.000000 -0.923880 -0.382683
3
0.408248 -0.816497 -0.408248
0.707107 -0.707107 0.000000
0.382683 -0.923880 0.000000
3
0.000000 -0.923880 -0.382683
0.408248 -0.816497 -0.408248
0.382683 -0.923880 0.000000
3
0.000000 -0.923880 -0.382683
0.382683 -0.923880 0.000000
0.000000 -1.000000 0.000000
